branches/Examples/Geoscience/Grid2dTerrain/Demogrid_ASCII.grd
DSAA
50 39
0 9
0 7
24.997953414917 104.25473022461
[rows 0 to 20 of 39, columns 0 to 46 of 50]
90.712203979492 88.954345703125 86.582359313965 84.095558166504 81.507720947266 78.835540771484 76.097854614258 73.315071105957 70.50870513916 67.701225280762 64.916053771973 62.177810668945 59.512592315674 56.948184967041 54.513900756836 52.239242553711 50.150444030762 48.264225006104 46.580112457275 45.075145721436 47.595897674561 50.420448303223 53.25373840332 56.030422210693 58.692306518555 61.195411682129 63.518127441406 63.87345123291 60.316867828369 56.677307128906 53.019859313965 49.408157348633 45.892364501953 42.495151519775 40.906558990479 44.632076263428 48.278858184814 51.690288543701 54.696105957031 53.777038574219 51.932468414307 49.685890197754 47.13843536377 44.364269256592 41.413524627686 38.321308135986 35.114040374756
91.566833496094 89.750831604004 87.475921630859 84.972717285156 82.328407287598 79.579429626465 76.752967834473 73.874313354492 70.968475341797 68.060684204102 65.176948547363 62.344661712646 59.593563079834 56.956974029541 54.473426818848 52.188274383545 50.155185699463 48.442844390869 47.191570281982 46.95389175415 48.584350585938 51.200366973877 54.04076385498 56.85372543335 59.492492675781 61.800601959229 63.425647735596 63.188564300537 60.654357910156 57.300491333008 53.770610809326 50.313438415527 47.137550354004 44.652980804443 44.243915557861 46.687522888184 50.082660675049 53.345569610596 55.508457183838 55.408496856689 53.780212402344 51.496173858643 48.860969543457 45.996662139893 42.965637207031 39.809741973877 36.567325592041
92.369720458984 90.511611938477 88.292976379395 85.805435180664 83.130966186523 80.322944641113 77.420425415039 74.456367492676 71.460983276367 68.463432312012 65.493072509766 62.580848693848 59.761016845703 57.073875427246 54.570323944092 52.319255828857 50.418159484863 49.007694244385 48.300647735596 48.606159210205 50.086688995361 52.403896331787 55.070732116699 57.745029449463 60.166313171387 62.048809051514 62.983100891113 62.478187561035 60.500324249268 57.635768890381 54.463413238525 51.396011352539 48.827236175537 47.279964447021 47.388633728027 49.256259918213 52.123695373535 55.056686401367 56.987174987793 56.943885803223 55.405101776123 53.149669647217 50.517723083496 47.65034866333 44.623111724854 41.493453979492 38.324043273926
93.258171081543 91.364631652832 89.145072937012 86.64998626709 83.942443847656 81.078598022461 78.105270385742 75.062362670898 71.985404968262 68.907608032227 65.861801147461 62.882442474365 60.007862091064 57.283786773682 54.769924163818 52.552688598633 50.765659332275 49.603946685791 49.285717010498 49.941036224365 51.50857925415 53.727222442627 56.254188537598 58.769737243652 60.972476959229 62.524803161621 63.058086395264 62.352081298828 60.523929595947 57.958225250244 55.103401184082 52.390426635742 50.281585693359 49.278800964355 49.704460144043 51.442699432373 54.010879516602 56.82360458374 59.199382781982 58.594142913818 56.866920471191 54.652862548828 52.095474243164 49.29759979248 46.338722229004 43.291328430176 40.236103057861
94.248374938965 92.321708679199 90.072975158691 87.542098999023 84.784324645996 81.856483459473 78.81029510498 75.690925598145 72.538116455078 69.388336181641 66.277320861816 63.242568969727 60.325531005859 57.574348449707 55.049163818359 52.835609436035 51.077507019043 50.030597686768 50.000503540039 51.009834289551 52.794578552246 55.063159942627 57.541027069092 59.961784362793 62.049751281738 63.461261749268 63.743343353271 62.764614105225 60.861137390137 58.394100189209 55.711139678955 53.176731109619 51.242084503174 50.527183532715 51.284233093262 53.088470458984 55.459091186523 57.916698455811 59.694358825684 59.467140197754 58.017242431641 56.002033233643 53.600749969482 50.926727294922 48.074104309082 45.130477905273 42.186641693115
95.34538269043 93.385452270508 91.087753295898 88.494659423828 85.664260864258 82.657806396484 79.531883239746 76.335586547852 73.11124420166 69.897018432617 66.730453491211 63.651702880859 60.705574035645 57.941947937012 55.416156768799 53.193283081055 51.371627807617 50.216213226318 50.446166992188 51.950115203857 54.039459228516 56.429889678955 58.918296813965 61.29700088501 63.3498878479 64.840606689453 64.979621887207 63.532825469971 61.439533233643 58.959720611572 56.344688415527 53.859546661377 51.790824890137 51.112339019775 52.431114196777 54.384841918945 56.592105865479 58.628349304199 59.921279907227 60.000434875488 58.998950958252 57.278480529785 55.076969146729 52.5481300354 49.809883117676 46.964687347412 44.10945892334
96.551628112793 94.555206298828 92.187469482422 89.503623962402 86.574645996094 83.471580505371 80.256988525391 76.98274230957 73.691581726074 70.4208984375 67.208106994629 64.096015930176 61.135288238525 58.382606506348 55.895969390869 53.728939056396 51.924278259277 50.50756072998 51.045475006104 53.08332824707 55.402442932129 57.888401031494 60.390205383301 62.725475311279 64.679672241211 65.980613708496 65.90544128418 64.325660705566 62.129402160645 59.626560211182 57.065658569336 54.702281951904 52.832733154297 52.347629547119 53.691577911377 55.642990112305 57.738693237305 59.562004089355 60.696201324463 60.877616882324 60.123859405518 58.627765655518 56.594139099121 54.188617706299 51.543811798096 48.771991729736 45.973400115967
97.868461608887 95.827049255371 93.359558105469 90.549011230469 87.491348266602 84.272483825684 80.961204528809 77.610275268555 74.259986877441 70.943138122559 67.693305969238 64.555297851563 61.590278625488 58.871299743652 56.476135253906 54.48445892334 52.993965148926 52.244415283203 52.857894897461 54.669979095459 56.978172302246 59.475788116455 61.965354919434 64.248657226563 66.070457458496 67.024047851563 66.663719177246 65.109794616699 62.877201080322 60.353137969971 57.839305877686 55.655620574951 54.210037231445 53.997360229492 55.102619171143 56.9931640625 59.091075897217 60.897422790527 62.010589599609 62.222854614258 61.554180145264 60.157524108887 58.211521148682 55.874805450439 53.28092956543 50.544303894043 47.765422821045
99.296646118164 97.191223144531 94.575553894043 91.589981079102 88.37043762207 85.019088745117 81.607681274414 78.186683654785 74.791076660156 71.444023132324 68.1669921875 65.003410339355 62.031719207764 59.351333618164 57.070976257324 55.310256958008 54.212432861328 53.970672607422 54.758483886719 56.453968048096 58.696769714355 61.170356750488 63.634540557861 65.87858581543 67.676078796387 68.585510253906 67.839279174805 66.043922424316 63.69942855835 61.106475830078 58.563301086426 56.422515869141 55.122180938721 55.067684173584 56.294300079346 58.36926651001 60.693439483643 62.687480926514 63.867610931396 64.040664672852 63.320575714111 61.901176452637 59.952743530273 57.618774414063 55.023731231689 52.277851104736 49.479473114014
100.83669281006 98.623046875 95.774543762207 92.553085327148 89.143760681152 85.65364074707 82.147888183594 78.670631408691 75.251640319824 71.901954650879 68.612106323242 65.411163330078 62.412403106689 59.749523162842 57.55980682373 55.996829986572 55.218296051025 55.341094970703 56.372787475586 58.159942626953 60.436225891113 62.922924041748 65.370658874512 67.554229736328 69.264068603516 70.171691894531 69.07039642334 67.07852935791 64.605445861816 61.891746520996 59.209468841553 56.897960662842 55.452415466309 55.49783706665 57.135589599609 59.708263397217 62.522232055664 64.959632873535 66.27751159668 66.266532897949 65.36190032959 63.826190948486 61.803897857666 59.414100646973 56.767501831055 53.967769622803 51.110652923584
102.48913574219 100.04475402832 96.821311950684 93.316162109375 89.718864440918 86.107360839844 82.526885986328 79.012298583984 75.593544006348 72.285850524902 69.017570495605 65.741683959961 62.687046051025 60.007335662842 57.848411560059 56.401321411133 55.8669090271 56.331321716309 57.688831329346 59.711330413818 62.137180328369 64.709266662598 67.177879333496 69.284606933594 70.733283996582 71.130218505859 70.177276611328 68.199485778809 65.630661010742 62.776111602783 59.896713256836 57.25687789917 55.273513793945 55.27307510376 57.76171875 61.050415039063 64.451126098633 67.595184326172 69.137115478516 68.660827636719 67.531730651855 65.857666015625 63.727867126465 61.241897583008 58.501728057861 55.607151031494 52.653373718262
104.25473022461 101.12424468994 97.437393188477 93.71142578125 89.995788574219 86.316070556641 82.696533203125 79.163749694824 75.747695922852 72.481811523438 69.289970397949 65.915580749512 62.828483581543 60.11775970459 57.914585113525 56.45743560791 56.096733093262 56.966617584229 58.769069671631 61.140110015869 63.807453155518 66.540283203125 69.103424072266 71.220191955566 72.541488647461 72.711212158203 71.624755859375 69.543251037598 66.844200134277 63.852169036865 60.836483001709 58.023994445801 55.592807769775 55.339534759521 58.835552215576 62.583209991455 66.265678405762 69.46418762207 71.075988769531 70.821166992188 69.684005737305 67.927467346191 65.688171386719 63.081798553467 60.215019226074 57.189254760742 54.102344512939
103.80644989014 100.89629364014 97.294357299805 93.604438781738 89.909912109375 86.244415283203 82.634315490723 79.105171203613 75.680450439453 72.367317199707 69.1103515625 65.890960693359 62.869232177734 60.163970947266 57.873115539551 56.206497192383 55.882606506348 57.380237579346 59.768295288086 62.542217254639 65.487991333008 68.427879333496 71.164924621582 73.444793701172 74.871276855469 74.912101745605 73.519111633301 71.167289733887 68.266220092773 65.138397216797 62.093681335449 59.478927612305 57.818271636963 58.187107086182 60.846042633057 64.456382751465 68.123687744141 71.141464233398 72.790168762207 72.882637023926 71.833633422852 70.020072937012 67.666030883789 64.920082092285 61.899940490723 58.711135864258 55.455696105957
101.92178344727 99.559989929199 96.444435119629 93.016654968262 89.474281311035 85.90380859375 82.354110717773 78.859748840332 75.446014404297 72.125198364258 68.89860534668 65.797355651855 62.905277252197 60.307014465332 58.058044433594 56.184230804443 55.477485656738 58.069995880127 60.951465606689 64.036186218262 67.214019775391 70.34895324707 73.280746459961 75.822662353516 77.681739807129 77.645233154297 75.682884216309 72.971633911133 69.828216552734 66.537963867188 63.453582763672 61.036697387695 59.882808685303 60.546230316162 62.991165161133 66.503189086914 70.248374938965 73.403144836426 75.130409240723 75.202850341797 74.075309753418 72.14762878418 69.653945922852 66.749465942383 63.555236816406 60.177661895752 56.720512390137
100.1544418335 97.999267578125 95.23999786377 92.106048583984 88.772827148438 85.348007202148 81.899314880371 78.473960876465 75.108108520508 71.832305908203 68.681076049805 65.709548950195 62.999248504639 60.643676757813 58.744785308838 57.500003814697 57.633083343506 59.638965606689 62.491394042969 65.674369812012 68.981880187988 72.24976348877 75.30443572998 77.95125579834 79.922462463379 79.848739624023 77.696281433105 74.794288635254 71.437408447266 67.930610656738 64.661575317383 62.158344268799 61.109306335449 62.022911071777 64.692085266113 68.418441772461 72.485954284668 76.191802978516 78.079772949219 77.74609375 76.381980895996 74.290069580078 71.637687683105 68.563781738281 65.185546875 61.605354309082 57.921772003174
98.505912780762 96.461585998535 93.931022644043 91.039260864258 87.912689208984 84.650695800781 81.326644897461 77.996772766113 74.708587646484 71.509063720703 68.45482635498 65.623626708984 63.120956420898 61.078750610352 59.659072875977 59.092533111572 59.690620422363 61.523921966553 64.219749450684 67.380378723145 70.739456176758 74.085052490234 77.191627502441 79.76383972168 81.339797973633 81.274955749512 79.508712768555 76.612205505371 73.071807861328 69.290596008301 65.66722869873 62.705932617188 61.336994171143 62.624088287354 65.875129699707 70.012680053711 74.397972106934 78.488525390625 80.566787719727 80.070182800293 78.611167907715 76.395034790039 73.592880249023 70.35417175293 66.798667907715 63.023254394531 59.113288879395
96.977188110352 95.009223937988 92.635292053223 89.931121826172 86.986221313477 83.883438110352 80.692756652832 77.473526000977 74.280197143555 71.170127868652 68.213821411133 65.507583618164 63.186031341553 61.425304412842 60.421237945557 60.344356536865 61.289207458496 63.201030731201 65.863136291504 69.009101867676 72.401611328125 75.820335388184 79.011558532715 81.62670135498 83.184753417969 83.199180603027 81.539222717285 78.551933288574 74.77433013916 70.696281433105 66.706130981445 63.118877410889 60.510150909424 62.844512939453 66.874160766602 71.365928649902 75.882095336914 79.74047088623 81.920867919922 82.053695678711 80.722229003906 78.430732727051 75.493293762207 72.106201171875 68.398597717285 64.463592529297 60.374423980713
95.568328857422 93.663177490234 91.406204223633 88.849380493164 86.05940246582 83.104301452637 80.04704284668 76.945327758789 73.855194091797 70.837280273438 67.966079711914 65.344413757324 63.12659072876 61.541721343994 60.849941253662 61.178123474121 62.460334777832 64.54810333252 67.266609191895 70.431907653809 73.864631652832 77.380340576172 80.751617431641 83.641784667969 85.52710723877 85.751113891602 83.987609863281 80.659828186035 76.52018737793 72.175354003906 68.054779052734 64.551658630371 62.592041015625 64.338333129883 68.157707214355 72.677597045898 77.308059692383 81.33373260498 83.822059631348 84.185943603516 82.81201171875 80.380653381348 77.303985595703 73.793563842773 69.974784851074 65.938095092773 61.759185791016
94.278076171875 92.430885314941 90.267799377441 87.830741882324 85.174133300781 82.355072021484 79.428817749023 76.448532104492 73.467796325684 70.544883728027 67.748931884766 65.170837402344 62.951927185059 61.367328643799 60.886116027832 61.646614074707 63.297134399414 65.588272094727 68.381904602051 71.561904907227 75.012954711914 78.612998962402 82.212196350098 85.573371887207 88.193161010742 88.932739257813 86.771385192871 82.717224121094 78.080696105957 73.523284912109 69.470840454102 66.416038513184 65.13264465332 66.298011779785 69.499824523926 73.860023498535 78.670585632324 83.251388549805 86.436630249023 86.611763000488 84.815773010254 82.15747833252 78.962409973145 75.375106811523 71.497138977051 67.418479919434 63.229946136475
93.103385925293 91.312538146973 89.227561950684 86.891090393066 84.352905273438 81.662200927734 78.866500854492 76.013031005859 73.15119934082 70.335517883301 67.628074645996 65.099983215332 62.835800170898 60.995651245117 60.580718994141 61.977828979492 63.978340148926 66.411201477051 69.221260070801 72.351181030273 75.737670898438 79.316345214844 83.024223327637 86.791694641113 90.463745117188 92.721603393555 89.227851867676 84.076225280762 79.020523071289 74.37947845459 70.433471679688 67.59253692627 66.420509338379 67.362884521484 70.290618896484 74.571258544922 79.523345947266 84.618194580078 89.487075805664 88.503601074219 86.311103820801 83.589775085449 80.395606994629 76.810127258301 72.927238464355 68.848274230957 64.683296203613
92.039100646973 90.301330566406 88.278968811035 86.029502868652 83.602210998535 81.038482666016 78.377464294434 75.659812927246 72.93083190918 70.243988037109 67.66397857666 65.266952514648 63.137763977051 61.409641265869 61.115379333496 62.667808532715 64.719367980957 67.119537353516 69.823684692383 72.790618896484 75.976684570313 79.338745117188 82.838668823242 86.443077087402 90.068016052246 92.536071777344 88.891166687012 83.81022644043 78.936561584473 74.503082275391 70.712310791016 67.872604370117 66.499565124512 67.280166625977 70.273048400879 74.63890838623 79.561912536621 84.348472595215 87.846168518066 88.405410766602 86.980400085449 84.608436584473 81.591575622559 78.089836120605 74.240074157715 70.174507141113 66.025672912598
