branches/Examples/Geoscience/Grid2dTerrain/Helens_Surfer.grd
DSAA
327 466
557820 567600
5108010 5121960
684 2547
[rows 370 to 406 of 466, columns 82 to 163 of 327]
1313 1318 1320 1320 1321 1319 1318 1321 1325 1330 1333 1336 1339 1344 1346 1347 1351 1352 1354 1357 1359 1358 1360 1368 1377 1386 1396 1401 1398 1387 1376 1366 1370 1388 1404 1414 1422 1430 1436 1436 1433 1435 1439 1443 1447 1450 1455 1459 1465 1470 1476 1479 1483 1487 1491 1494 1498 1501 1503 1503 1507 1513 1517 1515 1518 1519 1522 1524 1523 1521 1519 1518 1517 1519 1520 1519 1516 1512 1507 1503 1501 1502
1305 1311 1315 1316 1315 1313 1314 1318 1320 1323 1327 1332 1335 1339 1338 1336 1340 1345 1350 1353 1354 1354 1357 1364 1373 1382 1391 1395 1390 1378 1368 1360 1366 1383 1397 1408 1414 1423 1429 1429 1426 1428 1431 1435 1439 1442 1445 1449 1454 1459 1465 1470 1474 1478 1482 1485 1490 1493 1493 1494 1499 1510 1512 1508 1510 1512 1512 1512 1512 1511 1509 1507 1506 1508 1508 1508 1506 1505 1503 1501 1497 1498
1302 1305 1308 1308 1306 1308 1314 1318 1318 1321 1327 1333 1336 1337 1336 1332 1331 1343 1350 1349 1349 1351 1356 1365 1379 1388 1390 1388 1382 1369 1358 1357 1368 1386 1399 1406 1410 1415 1420 1423 1422 1423 1426 1429 1431 1433 1435 1438 1442 1449 1455 1460 1465 1468 1471 1476 1481 1483 1484 1484 1491 1505 1506 1500 1503 1503 1503 1501 1502 1502 1499 1497 1496 1497 1497 1496 1495 1495 1495 1493 1490 1491
1298 1297 1299 1300 1300 1303 1309 1313 1314 1320 1326 1332 1335 1334 1331 1326 1327 1338 1344 1343 1342 1345 1352 1362 1374 1379 1379 1377 1374 1365 1356 1356 1359 1373 1385 1395 1402 1408 1413 1415 1416 1419 1422 1425 1429 1431 1431 1431 1431 1436 1443 1450 1461 1464 1463 1465 1472 1475 1475 1477 1485 1497 1498 1492 1493 1494 1493 1492 1492 1492 1490 1489 1487 1486 1486 1485 1485 1485 1485 1482 1479 1484
1290 1288 1288 1292 1296 1298 1300 1304 1309 1318 1325 1329 1331 1330 1323 1319 1325 1333 1335 1336 1336 1338 1347 1357 1365 1367 1367 1367 1365 1361 1353 1353 1350 1360 1373 1385 1394 1401 1404 1406 1409 1414 1417 1420 1423 1424 1423 1422 1422 1428 1434 1440 1452 1453 1453 1455 1462 1465 1466 1468 1477 1487 1486 1483 1484 1484 1482 1482 1483 1483 1479 1478 1477 1476 1476 1476 1475 1475 1476 1474 1469 1473
1283 1283 1287 1292 1295 1298 1298 1304 1313 1322 1326 1329 1328 1322 1315 1318 1327 1330 1328 1330 1334 1338 1346 1356 1361 1364 1370 1368 1358 1348 1338 1339 1346 1358 1371 1383 1389 1392 1395 1398 1401 1406 1410 1412 1412 1407 1406 1410 1416 1423 1430 1432 1436 1437 1439 1446 1452 1457 1457 1458 1467 1475 1473 1472 1474 1474 1473 1472 1474 1473 1469 1467 1467 1467 1467 1467 1465 1466 1467 1467 1459 1461
1277 1279 1286 1291 1292 1295 1296 1303 1314 1322 1326 1326 1322 1313 1308 1317 1324 1322 1320 1324 1329 1333 1342 1352 1358 1362 1367 1365 1354 1342 1332 1329 1335 1345 1355 1368 1377 1382 1385 1388 1392 1397 1401 1404 1403 1397 1393 1396 1401 1407 1412 1415 1417 1419 1426 1433 1442 1447 1446 1447 1457 1465 1465 1463 1466 1466 1464 1464 1465 1466 1463 1460 1458 1457 1457 1456 1455 1456 1458 1457 1449 1447
1271 1277 1284 1288 1286 1287 1292 1298 1306 1315 1320 1318 1308 1300 1305 1314 1312 1306 1310 1317 1320 1324 1334 1346 1355 1360 1360 1358 1351 1342 1331 1322 1321 1326 1335 1348 1363 1372 1376 1379 1383 1387 1393 1396 1394 1387 1381 1382 1385 1388 1392 1396 1399 1406 1415 1424 1433 1436 1435 1439 1448 1455 1456 1455 1458 1460 1459 1457 1458 1459 1457 1453 1449 1448 1448 1446 1445 1446 1447 1447 1444 1439
1270 1275 1280 1285 1288 1291 1297 1303 1308 1313 1315 1309 1297 1292 1303 1312 1308 1301 1307 1316 1318 1319 1329 1342 1351 1355 1355 1352 1344 1334 1324 1320 1318 1322 1332 1345 1359 1367 1369 1371 1377 1381 1385 1387 1384 1375 1370 1369 1369 1372 1378 1382 1390 1402 1411 1420 1427 1426 1424 1433 1442 1447 1447 1448 1450 1452 1452 1448 1450 1452 1449 1445 1441 1440 1439 1437 1436 1436 1436 1437 1438 1433
1271 1274 1275 1283 1293 1300 1305 1309 1312 1313 1309 1299 1287 1287 1299 1306 1303 1298 1305 1313 1315 1315 1325 1337 1345 1350 1350 1346 1338 1327 1319 1316 1316 1316 1326 1339 1351 1358 1360 1364 1370 1375 1378 1377 1372 1365 1362 1358 1356 1360 1367 1375 1382 1394 1405 1413 1415 1414 1416 1426 1435 1437 1436 1439 1442 1442 1441 1438 1442 1445 1442 1437 1433 1433 1432 1431 1429 1428 1427 1426 1424 1420
1265 1269 1277 1286 1294 1299 1300 1302 1306 1309 1303 1289 1281 1287 1290 1288 1289 1293 1299 1303 1307 1313 1322 1331 1338 1343 1344 1340 1333 1323 1315 1313 1312 1310 1317 1328 1338 1344 1349 1357 1363 1368 1372 1367 1358 1355 1357 1349 1344 1349 1359 1366 1370 1380 1392 1399 1401 1403 1409 1418 1425 1427 1428 1432 1435 1434 1434 1432 1435 1437 1435 1430 1426 1425 1424 1423 1422 1421 1419 1417 1413 1411
1262 1269 1280 1287 1293 1297 1298 1298 1301 1304 1296 1282 1277 1282 1280 1280 1284 1290 1295 1298 1304 1313 1322 1329 1335 1338 1338 1333 1325 1316 1311 1307 1307 1310 1316 1325 1333 1340 1346 1350 1353 1355 1356 1355 1351 1346 1346 1340 1340 1347 1355 1359 1360 1366 1376 1384 1391 1397 1406 1414 1418 1419 1420 1424 1426 1426 1426 1424 1425 1426 1424 1421 1417 1415 1414 1413 1413 1412 1409 1405 1397 1403
1262 1275 1284 1288 1291 1295 1298 1297 1297 1300 1288 1277 1276 1275 1270 1276 1285 1287 1290 1296 1303 1313 1321 1327 1331 1333 1332 1327 1319 1311 1307 1301 1302 1308 1314 1321 1328 1335 1340 1341 1341 1341 1341 1343 1343 1337 1336 1333 1337 1344 1351 1353 1352 1355 1364 1374 1385 1394 1402 1407 1410 1411 1414 1416 1418 1418 1418 1417 1418 1418 1417 1414 1411 1408 1406 1405 1405 1404 1402 1396 1384 1392
1265 1274 1281 1285 1288 1292 1294 1293 1295 1291 1277 1270 1270 1266 1265 1270 1274 1280 1285 1290 1297 1305 1312 1319 1325 1331 1334 1328 1318 1312 1306 1296 1296 1299 1303 1310 1319 1324 1325 1324 1325 1327 1329 1331 1333 1328 1326 1329 1336 1341 1345 1347 1348 1353 1362 1372 1382 1389 1394 1397 1400 1405 1409 1411 1411 1411 1410 1410 1410 1410 1409 1408 1405 1402 1400 1399 1399 1397 1393 1387 1375 1383
1268 1273 1279 1283 1286 1288 1288 1289 1291 1283 1269 1265 1265 1261 1261 1264 1266 1273 1281 1288 1295 1302 1307 1312 1318 1325 1327 1321 1311 1307 1300 1291 1291 1295 1298 1304 1312 1314 1313 1314 1317 1320 1319 1318 1322 1322 1321 1327 1334 1338 1341 1341 1344 1349 1357 1365 1373 1380 1386 1388 1390 1395 1399 1401 1401 1402 1401 1401 1401 1401 1400 1398 1395 1393 1391 1388 1388 1385 1379 1374 1367 1367
1272 1277 1283 1287 1287 1283 1281 1283 1284 1277 1265 1262 1262 1260 1259 1258 1259 1269 1280 1288 1295 1303 1305 1307 1312 1316 1315 1306 1301 1296 1290 1287 1287 1294 1295 1299 1303 1304 1302 1306 1313 1314 1309 1307 1312 1317 1317 1323 1331 1334 1335 1335 1341 1346 1351 1358 1366 1371 1377 1379 1380 1386 1390 1392 1393 1394 1394 1394 1393 1393 1391 1389 1387 1385 1382 1379 1377 1375 1371 1363 1357 1351
1271 1277 1282 1286 1285 1278 1275 1279 1279 1272 1262 1261 1261 1260 1257 1255 1257 1265 1275 1282 1288 1294 1298 1302 1304 1302 1301 1300 1297 1292 1286 1285 1284 1284 1282 1283 1287 1290 1294 1301 1308 1305 1300 1302 1304 1306 1310 1317 1322 1325 1327 1332 1336 1342 1348 1353 1360 1364 1367 1368 1370 1375 1380 1383 1386 1388 1387 1386 1384 1383 1381 1379 1378 1378 1375 1371 1368 1367 1367 1357 1344 1337
1268 1275 1279 1283 1281 1273 1268 1274 1275 1268 1259 1259 1261 1259 1255 1253 1256 1264 1272 1279 1283 1287 1292 1296 1296 1291 1290 1293 1292 1286 1281 1282 1281 1278 1274 1274 1279 1285 1291 1299 1302 1296 1295 1297 1297 1299 1304 1312 1317 1319 1322 1327 1333 1337 1342 1348 1352 1356 1356 1360 1364 1369 1372 1375 1378 1380 1380 1379 1378 1376 1373 1371 1371 1370 1368 1364 1359 1357 1354 1347 1337 1325
1264 1269 1272 1275 1274 1266 1261 1266 1270 1267 1260 1257 1258 1259 1254 1250 1258 1270 1276 1281 1285 1287 1290 1292 1291 1286 1285 1287 1283 1278 1275 1278 1278 1275 1272 1273 1279 1286 1293 1298 1295 1287 1292 1292 1289 1293 1299 1308 1314 1314 1317 1322 1328 1331 1335 1341 1345 1348 1348 1353 1359 1363 1365 1367 1370 1372 1372 1372 1371 1369 1366 1364 1363 1362 1360 1357 1353 1349 1346 1341 1333 1319
1261 1264 1266 1268 1267 1260 1254 1259 1266 1264 1257 1254 1254 1253 1249 1247 1255 1266 1272 1276 1280 1282 1283 1283 1281 1278 1278 1279 1277 1274 1273 1274 1274 1273 1270 1271 1276 1282 1286 1287 1285 1280 1279 1279 1280 1285 1291 1298 1303 1307 1310 1315 1318 1321 1327 1331 1336 1340 1341 1346 1351 1354 1357 1361 1363 1364 1364 1363 1363 1361 1359 1358 1355 1353 1351 1350 1346 1343 1342 1338 1331 1317
1257 1260 1262 1261 1259 1254 1247 1252 1261 1260 1252 1250 1249 1245 1241 1244 1252 1259 1264 1269 1274 1276 1275 1274 1272 1271 1272 1272 1272 1271 1271 1271 1271 1270 1268 1269 1273 1277 1279 1277 1276 1275 1270 1270 1273 1278 1285 1291 1296 1301 1304 1307 1309 1313 1319 1325 1330 1333 1335 1340 1343 1346 1348 1352 1355 1356 1356 1355 1355 1354 1352 1350 1348 1345 1343 1342 1340 1336 1333 1328 1322 1309
1255 1258 1260 1257 1254 1247 1241 1247 1254 1254 1248 1245 1245 1240 1235 1242 1252 1259 1263 1268 1273 1274 1272 1269 1267 1267 1269 1270 1271 1272 1273 1272 1271 1267 1266 1269 1272 1274 1274 1272 1270 1271 1266 1266 1269 1275 1282 1289 1292 1295 1299 1300 1303 1306 1312 1320 1325 1326 1328 1333 1337 1339 1340 1343 1347 1349 1349 1347 1347 1346 1344 1343 1341 1339 1337 1336 1335 1331 1327 1322 1318 1306
1253 1255 1256 1252 1247 1239 1235 1242 1247 1246 1242 1240 1240 1236 1233 1241 1251 1257 1261 1266 1270 1269 1266 1264 1264 1264 1266 1267 1267 1268 1269 1269 1266 1262 1261 1266 1269 1268 1266 1263 1262 1262 1261 1261 1265 1271 1276 1281 1284 1287 1292 1294 1297 1301 1307 1313 1316 1316 1318 1322 1327 1330 1333 1337 1341 1342 1340 1338 1337 1337 1337 1336 1334 1332 1330 1329 1329 1326 1323 1319 1315 1304
1246 1248 1248 1243 1237 1231 1231 1238 1240 1236 1233 1236 1236 1232 1235 1241 1248 1254 1259 1263 1263 1261 1260 1260 1262 1264 1263 1263 1261 1261 1263 1263 1261 1257 1256 1262 1265 1262 1258 1254 1254 1255 1256 1257 1261 1266 1270 1274 1276 1279 1285 1289 1292 1298 1303 1307 1307 1308 1311 1315 1319 1323 1326 1331 1334 1334 1332 1329 1328 1328 1328 1328 1327 1325 1323 1321 1321 1320 1316 1312 1308 1300
1245 1244 1239 1236 1233 1224 1225 1235 1237 1231 1230 1236 1237 1232 1234 1242 1247 1252 1257 1261 1262 1260 1259 1258 1259 1260 1261 1261 1261 1260 1260 1260 1260 1257 1255 1260 1262 1256 1251 1249 1251 1253 1254 1254 1259 1263 1266 1269 1270 1273 1279 1283 1286 1292 1299 1304 1303 1301 1307 1312 1316 1318 1321 1325 1327 1327 1326 1323 1321 1321 1321 1322 1322 1319 1317 1315 1315 1315 1313 1308 1305 1298
1246 1240 1229 1229 1229 1217 1219 1233 1234 1228 1229 1236 1236 1232 1233 1240 1245 1249 1254 1258 1260 1259 1257 1256 1256 1256 1258 1259 1260 1259 1258 1258 1257 1255 1255 1261 1259 1251 1246 1246 1248 1249 1248 1249 1254 1258 1260 1262 1265 1269 1274 1277 1280 1286 1293 1295 1294 1295 1300 1306 1309 1312 1314 1317 1318 1318 1317 1315 1313 1313 1313 1314 1315 1314 1311 1309 1309 1310 1308 1303 1301 1297
1234 1229 1227 1225 1215 1209 1220 1228 1228 1226 1226 1229 1230 1230 1232 1234 1237 1240 1247 1253 1256 1256 1255 1254 1254 1255 1256 1256 1257 1256 1255 1255 1253 1252 1257 1263 1257 1247 1243 1244 1245 1243 1241 1243 1248 1252 1253 1255 1260 1265 1270 1272 1275 1281 1287 1286 1285 1289 1294 1298 1302 1306 1308 1309 1309 1308 1307 1306 1305 1304 1305 1307 1309 1308 1304 1302 1302 1304 1302 1298 1295 1291
1226 1220 1221 1217 1204 1202 1218 1224 1223 1223 1223 1225 1228 1229 1230 1231 1235 1239 1244 1251 1254 1253 1253 1252 1251 1253 1254 1253 1255 1254 1253 1253 1250 1250 1258 1257 1249 1243 1239 1241 1240 1236 1236 1240 1244 1246 1247 1252 1259 1264 1264 1265 1271 1277 1282 1279 1279 1282 1287 1292 1297 1300 1302 1303 1303 1302 1300 1299 1299 1298 1298 1301 1303 1302 1298 1296 1295 1296 1296 1294 1290 1285
1220 1215 1211 1205 1195 1195 1212 1222 1218 1219 1221 1223 1229 1229 1226 1229 1235 1239 1243 1250 1252 1249 1250 1249 1247 1250 1251 1250 1254 1252 1250 1250 1246 1248 1256 1250 1240 1239 1237 1236 1233 1227 1228 1232 1236 1238 1240 1246 1253 1256 1256 1258 1264 1269 1272 1271 1271 1275 1279 1284 1289 1292 1294 1295 1296 1295 1293 1292 1292 1293 1293 1294 1295 1295 1293 1289 1288 1287 1287 1287 1284 1279
1215 1210 1204 1199 1186 1182 1194 1205 1208 1211 1214 1218 1223 1223 1223 1224 1228 1231 1235 1241 1245 1244 1244 1243 1243 1243 1244 1248 1251 1249 1246 1243 1242 1248 1248 1238 1232 1236 1235 1229 1222 1217 1216 1220 1223 1226 1230 1235 1240 1242 1245 1250 1255 1259 1260 1261 1263 1267 1271 1276 1281 1284 1285 1287 1289 1287 1286 1286 1286 1286 1286 1287 1288 1289 1287 1282 1280 1280 1279 1278 1276 1273
1209 1205 1198 1192 1179 1171 1178 1190 1199 1205 1210 1215 1219 1221 1221 1221 1222 1226 1231 1236 1239 1239 1238 1238 1239 1240 1242 1247 1250 1247 1243 1237 1236 1242 1240 1229 1228 1231 1227 1219 1213 1210 1209 1214 1217 1219 1224 1228 1233 1237 1241 1246 1251 1253 1256 1258 1261 1265 1269 1274 1278 1280 1280 1284 1285 1282 1281 1281 1281 1281 1281 1282 1283 1283 1280 1277 1276 1274 1272 1271 1270 1267
1202 1197 1191 1183 1175 1164 1167 1180 1192 1202 1209 1213 1218 1223 1221 1217 1218 1224 1231 1234 1233 1232 1231 1231 1234 1239 1243 1246 1249 1245 1239 1233 1229 1233 1231 1221 1225 1225 1218 1211 1207 1205 1205 1209 1212 1214 1218 1222 1227 1232 1238 1240 1245 1247 1249 1252 1257 1261 1265 1269 1272 1273 1274 1279 1280 1277 1276 1275 1274 1274 1274 1275 1276 1276 1275 1273 1270 1268 1265 1262 1258 1256
1197 1191 1185 1177 1171 1159 1159 1172 1185 1194 1201 1206 1210 1213 1211 1211 1213 1220 1226 1229 1230 1230 1231 1233 1236 1240 1244 1244 1241 1237 1235 1229 1227 1227 1221 1219 1222 1220 1214 1209 1205 1202 1203 1207 1208 1210 1213 1215 1219 1225 1237 1235 1239 1240 1241 1245 1249 1254 1258 1262 1263 1263 1265 1273 1275 1270 1269 1268 1266 1266 1267 1269 1271 1271 1270 1268 1265 1263 1258 1252 1245 1243
1192 1186 1178 1171 1165 1154 1153 1164 1177 1186 1193 1199 1202 1202 1202 1205 1209 1217 1223 1226 1227 1229 1232 1235 1237 1240 1243 1240 1234 1230 1229 1225 1223 1220 1214 1213 1216 1214 1210 1207 1204 1201 1200 1203 1204 1206 1208 1209 1213 1220 1231 1232 1233 1232 1235 1240 1244 1249 1253 1257 1257 1257 1262 1270 1271 1265 1263 1261 1259 1259 1261 1264 1265 1265 1265 1264 1262 1255 1243 1233 1229 1225
1184 1175 1165 1158 1153 1150 1149 1156 1170 1181 1187 1192 1195 1198 1200 1204 1208 1217 1223 1224 1225 1229 1232 1236 1238 1240 1240 1233 1228 1224 1222 1219 1215 1212 1208 1206 1208 1208 1206 1205 1203 1201 1198 1198 1200 1202 1203 1203 1208 1216 1223 1225 1224 1224 1230 1236 1241 1246 1249 1252 1253 1255 1259 1266 1267 1262 1259 1257 1254 1252 1254 1257 1259 1260 1260 1260 1255 1243 1227 1217 1215 1212
1175 1168 1156 1151 1148 1149 1148 1152 1161 1171 1177 1183 1190 1194 1197 1202 1207 1215 1221 1222 1223 1226 1230 1233 1236 1237 1235 1230 1226 1223 1219 1214 1207 1204 1202 1200 1201 1202 1201 1200 1199 1198 1194 1194 1196 1198 1200 1201 1204 1208 1213 1216 1217 1221 1225 1228 1234 1240 1243 1247 1249 1251 1255 1261 1263 1260 1257 1253 1249 1246 1247 1250 1253 1255 1257 1257 1251 1233 1217 1209 1206 1203
1167 1163 1152 1148 1149 1150 1150 1150 1151 1157 1165 1173 1185 1191 1194 1200 1205 1212 1218 1220 1221 1224 1226 1230 1233 1233 1231 1228 1224 1220 1214 1207 1198 1196 1197 1196 1196 1196 1196 1196 1195 1194 1191 1190 1192 1195 1197 1199 1202 1204 1207 1209 1214 1220 1220 1220 1228 1235 1238 1241 1243 1244 1247 1253 1254 1252 1249 1245 1242 1239 1240 1242 1245 1248 1250 1250 1243 1224 1207 1199 1196 1194
