branches/Examples/Geoscience/Grid2dTerrain/Helens_Surfer.grd
DSAA
327 466
557820 567600
5108010 5121960
684 2547
[rows 185 to 221 of 466, columns 82 to 163 of 327]
1413 1417 1420 1422 1426 1431 1437 1442 1443 1453 1452 1455 1458 1455 1463 1473 1483 1490 1497 1505 1512 1513 1506 1503 1509 1513 1519 1524 1528 1538 1544 1547 1552 1558 1569 1580 1587 1595 1605 1614 1617 1624 1635 1646 1657 1668 1675 1681 1683 1690 1695 1698 1703 1705 1707 1712 1724 1734 1736 1742 1751 1753 1743 1735 1742 1762 1784 1790 1791 1807 1826 1833 1837 1837 1836 1844 1848 1846 1839 1834 1830 1824
1412 1415 1417 1419 1425 1431 1442 1441 1443 1450 1452 1456 1461 1463 1466 1473 1480 1489 1495 1503 1511 1515 1514 1510 1514 1518 1522 1525 1531 1538 1544 1551 1553 1558 1570 1580 1589 1595 1604 1611 1617 1624 1632 1641 1653 1664 1674 1684 1689 1695 1701 1706 1711 1713 1718 1720 1727 1741 1746 1750 1757 1762 1759 1753 1750 1763 1786 1794 1796 1811 1832 1843 1848 1848 1845 1856 1859 1855 1847 1840 1836 1835
1415 1417 1421 1425 1428 1435 1448 1447 1450 1454 1460 1464 1468 1472 1473 1477 1484 1491 1498 1505 1514 1521 1524 1525 1528 1532 1540 1544 1552 1561 1565 1566 1572 1578 1580 1593 1600 1606 1618 1623 1629 1637 1649 1658 1670 1681 1690 1700 1707 1713 1717 1720 1722 1724 1728 1731 1736 1747 1757 1760 1761 1771 1774 1770 1763 1765 1787 1802 1804 1816 1839 1855 1861 1859 1854 1864 1868 1865 1860 1852 1849 1846
1423 1424 1433 1437 1435 1442 1453 1457 1461 1463 1472 1475 1478 1480 1480 1482 1489 1495 1502 1508 1516 1525 1531 1537 1540 1543 1554 1560 1570 1580 1583 1579 1586 1592 1588 1601 1610 1613 1623 1631 1638 1644 1656 1664 1675 1685 1695 1705 1713 1720 1726 1730 1732 1734 1737 1742 1744 1749 1760 1764 1768 1776 1783 1786 1779 1776 1791 1807 1817 1827 1847 1859 1862 1869 1865 1866 1873 1876 1878 1870 1866 1858
1429 1434 1441 1443 1443 1450 1457 1457 1463 1468 1475 1479 1483 1485 1483 1486 1493 1499 1505 1511 1517 1522 1529 1536 1542 1546 1555 1565 1575 1583 1592 1590 1590 1599 1594 1602 1617 1615 1618 1632 1641 1648 1655 1660 1671 1680 1692 1700 1711 1722 1732 1738 1741 1744 1747 1752 1752 1754 1762 1767 1776 1782 1790 1799 1796 1790 1796 1810 1825 1836 1852 1862 1867 1878 1874 1873 1883 1887 1890 1888 1883 1875
1433 1442 1448 1449 1452 1459 1462 1460 1466 1472 1477 1482 1487 1490 1489 1494 1500 1506 1511 1517 1521 1525 1533 1542 1551 1559 1569 1580 1588 1594 1599 1599 1601 1608 1607 1616 1626 1630 1638 1647 1656 1665 1670 1675 1685 1694 1706 1717 1727 1734 1740 1747 1751 1757 1762 1765 1764 1764 1771 1775 1785 1792 1797 1808 1809 1807 1803 1813 1828 1841 1851 1866 1882 1885 1884 1882 1895 1900 1902 1904 1900 1891
1435 1443 1451 1456 1462 1466 1470 1471 1470 1475 1480 1486 1491 1497 1498 1504 1510 1514 1519 1525 1527 1533 1542 1551 1563 1576 1587 1597 1603 1607 1607 1607 1612 1617 1621 1630 1636 1644 1657 1660 1666 1677 1682 1688 1697 1706 1716 1727 1737 1742 1746 1754 1760 1768 1774 1775 1775 1776 1780 1784 1792 1800 1807 1816 1821 1823 1820 1825 1835 1850 1862 1875 1889 1897 1899 1901 1909 1914 1918 1921 1916 1908
1437 1443 1454 1460 1466 1471 1475 1476 1476 1478 1484 1488 1492 1499 1502 1508 1512 1517 1522 1525 1529 1535 1541 1549 1561 1573 1583 1593 1601 1612 1614 1611 1617 1624 1629 1636 1643 1648 1659 1663 1661 1671 1684 1696 1703 1711 1718 1726 1736 1744 1751 1759 1766 1775 1779 1782 1786 1788 1790 1792 1798 1810 1819 1823 1832 1837 1841 1842 1842 1858 1874 1885 1902 1908 1912 1917 1924 1929 1933 1936 1930 1922
1438 1444 1456 1465 1470 1476 1480 1482 1482 1484 1490 1493 1497 1502 1508 1514 1516 1521 1528 1530 1534 1541 1547 1555 1571 1580 1586 1594 1603 1617 1624 1625 1632 1639 1644 1650 1658 1664 1669 1677 1676 1681 1698 1712 1721 1730 1734 1739 1750 1759 1767 1775 1781 1787 1792 1796 1800 1803 1805 1807 1810 1818 1828 1835 1839 1846 1854 1860 1857 1864 1886 1898 1909 1917 1922 1931 1940 1945 1948 1951 1943 1936
1442 1447 1461 1472 1479 1485 1490 1491 1492 1494 1500 1505 1510 1513 1518 1524 1527 1531 1539 1543 1546 1554 1563 1572 1594 1598 1596 1602 1609 1621 1637 1646 1654 1659 1664 1668 1678 1684 1683 1695 1697 1698 1715 1727 1738 1749 1751 1754 1764 1773 1781 1788 1794 1800 1805 1809 1814 1816 1818 1820 1822 1828 1838 1848 1850 1856 1865 1874 1875 1873 1892 1909 1922 1932 1938 1942 1955 1963 1962 1960 1961 1956
1444 1450 1461 1473 1482 1490 1496 1498 1499 1500 1504 1509 1514 1517 1523 1529 1532 1536 1543 1546 1550 1557 1565 1571 1586 1596 1594 1599 1607 1618 1632 1642 1656 1665 1671 1679 1687 1692 1694 1703 1711 1710 1709 1721 1737 1749 1759 1766 1774 1779 1785 1791 1801 1808 1813 1818 1822 1824 1827 1831 1835 1838 1847 1861 1868 1868 1873 1884 1896 1884 1892 1918 1935 1944 1951 1952 1966 1977 1976 1972 1975 1972
1445 1450 1458 1469 1481 1492 1499 1505 1505 1506 1507 1511 1514 1519 1526 1532 1537 1541 1546 1550 1554 1560 1568 1574 1584 1598 1599 1603 1610 1621 1632 1645 1662 1675 1685 1695 1704 1709 1712 1716 1723 1725 1722 1730 1747 1764 1776 1782 1788 1793 1799 1805 1813 1821 1826 1829 1833 1837 1841 1845 1849 1852 1860 1874 1880 1879 1885 1891 1901 1897 1901 1923 1937 1942 1954 1958 1969 1984 1989 1987 1988 1985
1452 1458 1464 1471 1483 1499 1512 1523 1529 1532 1529 1525 1524 1532 1539 1542 1549 1554 1560 1566 1571 1576 1586 1597 1609 1618 1624 1626 1627 1635 1646 1661 1677 1694 1707 1719 1728 1735 1738 1732 1732 1742 1752 1753 1764 1789 1801 1802 1805 1811 1818 1823 1829 1837 1841 1842 1846 1852 1855 1859 1862 1865 1874 1885 1890 1891 1898 1900 1907 1908 1907 1923 1939 1948 1961 1969 1979 1993 2001 2000 1997 1993
1458 1464 1470 1473 1482 1501 1517 1531 1539 1543 1542 1535 1531 1538 1545 1548 1555 1561 1569 1576 1581 1585 1593 1606 1617 1626 1631 1635 1639 1645 1653 1661 1671 1686 1705 1721 1736 1747 1746 1746 1745 1753 1761 1771 1774 1789 1805 1811 1815 1822 1832 1838 1844 1850 1852 1855 1858 1863 1866 1870 1876 1881 1887 1895 1899 1904 1911 1914 1918 1918 1906 1917 1940 1958 1969 1980 1990 2002 2013 2013 2008 2001
1461 1468 1472 1475 1480 1494 1511 1523 1532 1538 1543 1539 1533 1538 1547 1550 1555 1564 1575 1582 1586 1590 1595 1607 1618 1630 1631 1641 1651 1657 1661 1663 1665 1680 1703 1722 1743 1759 1757 1760 1762 1768 1773 1785 1787 1797 1813 1824 1829 1838 1848 1854 1859 1864 1867 1869 1872 1876 1880 1885 1892 1898 1903 1909 1914 1918 1923 1926 1929 1922 1913 1924 1935 1949 1962 1975 1990 2009 2024 2027 2021 2013
1468 1473 1477 1481 1486 1498 1514 1530 1540 1546 1549 1548 1547 1549 1557 1561 1564 1571 1581 1590 1596 1605 1612 1625 1636 1646 1653 1658 1668 1680 1688 1686 1684 1699 1716 1738 1758 1774 1783 1778 1784 1791 1792 1796 1805 1816 1827 1841 1852 1859 1866 1871 1876 1882 1884 1886 1888 1893 1897 1901 1908 1915 1920 1926 1930 1932 1935 1938 1937 1925 1924 1937 1939 1950 1965 1980 1998 2019 2036 2041 2034 2024
1477 1480 1484 1489 1493 1504 1519 1538 1548 1554 1554 1554 1557 1558 1565 1567 1568 1574 1583 1593 1602 1613 1623 1633 1642 1653 1665 1668 1676 1690 1702 1702 1699 1708 1720 1741 1763 1779 1790 1788 1795 1803 1807 1811 1820 1830 1834 1842 1853 1862 1872 1879 1886 1892 1895 1898 1902 1906 1909 1914 1921 1927 1935 1944 1949 1949 1948 1946 1942 1935 1939 1952 1957 1966 1980 1996 2013 2032 2048 2055 2046 2034
1485 1489 1493 1503 1498 1504 1519 1535 1544 1552 1554 1554 1556 1561 1567 1563 1563 1570 1578 1590 1601 1613 1625 1631 1636 1650 1668 1670 1677 1688 1705 1713 1709 1711 1720 1740 1762 1780 1790 1796 1803 1813 1822 1829 1836 1843 1841 1845 1856 1866 1879 1889 1897 1902 1907 1911 1917 1921 1924 1929 1936 1943 1953 1962 1965 1964 1961 1957 1953 1948 1949 1962 1970 1976 1990 2005 2022 2039 2055 2062 2052 2040
1491 1497 1504 1516 1514 1517 1525 1539 1550 1558 1561 1561 1564 1568 1571 1572 1572 1578 1586 1598 1610 1624 1638 1646 1651 1664 1684 1695 1700 1705 1718 1731 1736 1736 1746 1765 1783 1795 1806 1815 1823 1832 1844 1856 1861 1862 1860 1861 1874 1883 1892 1905 1913 1920 1925 1929 1934 1939 1943 1949 1955 1964 1974 1980 1978 1976 1974 1972 1970 1962 1957 1971 1981 1987 2000 2014 2031 2047 2065 2068 2057 2044
1495 1506 1516 1529 1536 1539 1536 1548 1561 1567 1570 1573 1577 1577 1576 1583 1585 1588 1596 1606 1618 1633 1648 1658 1663 1675 1695 1711 1717 1719 1729 1742 1751 1754 1763 1779 1793 1801 1812 1823 1833 1844 1856 1869 1876 1878 1875 1873 1885 1896 1903 1913 1919 1930 1937 1942 1947 1954 1959 1963 1969 1977 1988 1994 1991 1989 1989 1988 1988 1982 1973 1983 1995 2006 2015 2026 2043 2059 2077 2075 2061 2045
1497 1508 1517 1529 1540 1549 1548 1545 1552 1565 1578 1588 1589 1588 1585 1583 1586 1590 1597 1605 1617 1627 1637 1651 1661 1676 1691 1702 1716 1728 1738 1743 1750 1760 1769 1779 1789 1798 1808 1820 1835 1849 1859 1874 1884 1890 1889 1882 1893 1907 1915 1918 1922 1931 1947 1954 1961 1968 1973 1980 1983 1991 2001 2006 2005 2004 2005 2005 2004 1999 1990 1997 2008 2021 2026 2035 2052 2072 2091 2084 2066 2049
1505 1515 1524 1535 1548 1560 1562 1554 1554 1566 1584 1598 1599 1600 1600 1596 1596 1598 1604 1613 1626 1639 1652 1664 1676 1692 1706 1714 1728 1740 1752 1761 1766 1775 1786 1795 1806 1817 1827 1840 1854 1867 1880 1892 1900 1907 1910 1907 1907 1921 1936 1941 1943 1951 1963 1970 1977 1983 1990 1995 1999 2004 2013 2019 2020 2022 2023 2022 2020 2015 2009 2012 2021 2033 2036 2042 2060 2085 2103 2093 2072 2054
1526 1533 1540 1553 1564 1573 1579 1578 1569 1572 1589 1601 1605 1614 1620 1620 1613 1610 1616 1627 1640 1660 1676 1684 1696 1712 1725 1732 1742 1752 1764 1777 1782 1788 1800 1808 1820 1831 1841 1855 1869 1881 1894 1903 1909 1915 1921 1923 1918 1927 1941 1949 1955 1963 1972 1980 1988 1995 2003 2009 2012 2015 2022 2030 2036 2038 2038 2038 2035 2031 2024 2027 2036 2043 2049 2058 2078 2100 2111 2099 2080 2062
1527 1534 1542 1555 1567 1575 1581 1583 1578 1577 1582 1590 1599 1611 1620 1627 1626 1622 1623 1630 1638 1652 1668 1678 1692 1709 1725 1733 1741 1752 1762 1771 1777 1786 1796 1806 1814 1824 1839 1857 1873 1887 1896 1901 1906 1911 1917 1925 1928 1923 1929 1942 1957 1970 1977 1987 1998 2006 2014 2022 2023 2026 2033 2043 2055 2054 2052 2052 2050 2046 2037 2041 2051 2054 2061 2072 2092 2112 2120 2110 2094 2076
1524 1532 1541 1555 1570 1578 1584 1588 1589 1586 1579 1583 1597 1610 1621 1633 1637 1636 1637 1642 1649 1660 1675 1687 1701 1718 1734 1745 1754 1761 1770 1778 1787 1796 1807 1818 1826 1839 1856 1875 1894 1906 1915 1919 1922 1925 1933 1942 1939 1938 1943 1952 1972 1987 1994 2001 2012 2021 2029 2037 2039 2041 2048 2060 2070 2072 2069 2067 2063 2054 2047 2053 2064 2068 2072 2082 2103 2121 2129 2124 2110 2092
1539 1548 1556 1571 1586 1594 1599 1603 1607 1604 1592 1589 1610 1619 1628 1639 1648 1656 1660 1667 1675 1687 1700 1713 1723 1737 1749 1767 1777 1779 1784 1795 1806 1813 1823 1835 1846 1861 1878 1896 1915 1924 1934 1939 1940 1942 1951 1958 1950 1953 1958 1962 1982 1994 2005 2013 2022 2034 2042 2048 2050 2053 2062 2074 2086 2090 2088 2084 2078 2068 2061 2066 2077 2084 2086 2092 2110 2129 2142 2136 2121 2105
1545 1554 1560 1575 1591 1599 1605 1610 1616 1616 1608 1597 1610 1621 1630 1639 1648 1657 1664 1674 1684 1691 1701 1714 1726 1737 1746 1761 1776 1786 1793 1799 1806 1815 1826 1837 1848 1861 1873 1887 1901 1914 1930 1941 1947 1952 1963 1965 1959 1960 1967 1968 1974 1980 2003 2023 2034 2042 2049 2051 2054 2062 2075 2088 2100 2109 2108 2102 2095 2085 2078 2078 2089 2101 2100 2103 2119 2139 2153 2148 2131 2115
1542 1551 1556 1571 1587 1597 1606 1613 1620 1624 1623 1608 1607 1623 1633 1642 1650 1659 1667 1678 1690 1695 1702 1716 1730 1740 1749 1764 1782 1798 1809 1812 1816 1826 1834 1844 1856 1870 1881 1893 1907 1919 1937 1951 1958 1968 1980 1982 1977 1975 1979 1985 1991 1993 2006 2027 2043 2053 2061 2060 2064 2073 2088 2102 2115 2124 2124 2120 2112 2102 2095 2094 2104 2116 2114 2118 2134 2152 2163 2159 2140 2123
1552 1561 1567 1577 1591 1602 1613 1625 1630 1631 1631 1630 1625 1638 1652 1664 1674 1682 1686 1691 1701 1706 1717 1730 1743 1753 1767 1787 1802 1820 1836 1839 1839 1849 1851 1858 1872 1888 1900 1914 1930 1938 1951 1966 1971 1986 1999 2004 2000 1993 1994 2005 2013 2016 2010 2024 2046 2062 2069 2068 2071 2081 2097 2112 2125 2135 2138 2136 2127 2120 2113 2111 2118 2127 2127 2135 2148 2163 2170 2161 2144 2126
1560 1569 1574 1581 1593 1604 1612 1626 1633 1634 1637 1642 1638 1644 1656 1667 1677 1687 1692 1698 1706 1709 1717 1729 1742 1752 1770 1789 1805 1823 1840 1848 1852 1859 1861 1867 1879 1892 1904 1917 1929 1936 1947 1966 1977 1992 2003 2012 2017 2013 2014 2015 2021 2030 2033 2035 2046 2060 2068 2072 2078 2086 2099 2114 2130 2141 2148 2146 2142 2136 2130 2127 2132 2136 2139 2150 2162 2173 2177 2165 2151 2134
1560 1568 1575 1584 1593 1599 1603 1615 1628 1634 1640 1646 1645 1644 1648 1657 1665 1679 1691 1701 1708 1710 1712 1724 1738 1750 1769 1788 1807 1824 1842 1855 1865 1870 1875 1882 1892 1901 1912 1925 1934 1941 1951 1973 1989 2004 2014 2024 2035 2034 2034 2030 2035 2045 2058 2053 2054 2066 2075 2080 2088 2097 2111 2128 2144 2154 2159 2159 2156 2151 2145 2141 2145 2147 2149 2156 2171 2188 2192 2180 2166 2153
1573 1580 1590 1600 1606 1610 1612 1619 1637 1644 1649 1655 1657 1659 1660 1663 1678 1691 1703 1714 1722 1725 1733 1746 1758 1769 1784 1803 1825 1840 1856 1869 1881 1890 1899 1913 1920 1924 1932 1943 1951 1958 1969 1990 2011 2027 2034 2041 2052 2057 2054 2052 2056 2062 2074 2076 2067 2078 2085 2089 2097 2110 2126 2145 2158 2166 2170 2170 2169 2164 2158 2154 2158 2159 2160 2165 2178 2195 2202 2196 2181 2167
1585 1593 1604 1614 1618 1620 1623 1625 1643 1650 1656 1661 1668 1673 1671 1668 1684 1695 1706 1716 1725 1731 1741 1755 1766 1779 1794 1813 1833 1849 1862 1873 1884 1894 1906 1922 1932 1939 1944 1950 1958 1968 1979 1995 2010 2023 2034 2048 2062 2068 2069 2064 2065 2071 2083 2087 2076 2084 2093 2097 2105 2120 2137 2151 2162 2171 2177 2180 2179 2174 2169 2168 2172 2171 2172 2175 2182 2195 2209 2212 2196 2180
1573 1586 1598 1608 1616 1622 1626 1626 1632 1641 1653 1663 1676 1682 1678 1669 1675 1686 1695 1705 1716 1727 1735 1748 1764 1780 1798 1817 1834 1853 1863 1872 1881 1891 1906 1923 1939 1951 1954 1957 1966 1978 1991 2002 2010 2021 2036 2055 2073 2079 2084 2079 2078 2081 2091 2094 2089 2092 2102 2107 2115 2130 2147 2161 2172 2181 2189 2193 2190 2186 2182 2181 2184 2185 2185 2186 2194 2201 2214 2224 2214 2197
1570 1583 1596 1604 1613 1624 1629 1632 1634 1644 1660 1673 1685 1690 1689 1686 1685 1688 1697 1711 1724 1736 1746 1763 1782 1795 1813 1830 1845 1865 1879 1894 1904 1916 1933 1951 1962 1972 1978 1979 1989 2004 2013 2024 2034 2043 2055 2068 2085 2095 2101 2102 2097 2096 2102 2107 2107 2105 2106 2114 2122 2134 2151 2170 2184 2196 2206 2209 2204 2201 2197 2194 2196 2199 2200 2198 2207 2213 2222 2234 2230 2216
1573 1585 1596 1603 1611 1624 1631 1638 1642 1652 1668 1683 1691 1696 1700 1705 1701 1696 1701 1716 1730 1744 1755 1773 1790 1802 1820 1837 1852 1871 1889 1908 1920 1931 1947 1963 1974 1985 1995 1999 2007 2018 2025 2033 2043 2053 2064 2074 2087 2098 2111 2118 2114 2111 2114 2119 2118 2116 2115 2120 2128 2140 2157 2175 2188 2202 2211 2216 2214 2211 2210 2210 2211 2212 2214 2215 2223 2231 2237 2243 2245 2239
1568 1579 1588 1597 1606 1619 1627 1634 1641 1647 1656 1666 1676 1691 1704 1717 1717 1711 1709 1710 1723 1742 1754 1766 1776 1790 1810 1830 1849 1870 1889 1909 1926 1935 1946 1960 1974 1989 2006 2016 2020 2023 2028 2034 2044 2057 2068 2079 2087 2097 2116 2129 2129 2126 2127 2129 2130 2129 2128 2128 2139 2153 2171 2186 2198 2209 2216 2222 2223 2220 2223 2225 2225 2224 2228 2232 2238 2246 2252 2257 2259 2254
