branches/Examples/Geoscience/Grid2dTerrain/Helens_Surfer.grd
DSAA
327 466
557820 567600
5108010 5121960
684 2547
[rows 222 to 258 of 466, columns 0 to 81 of 327]
1.7014100091878E+038 1.7014100091878E+038 1.7014100091878E+038 1190 1188 1191 1188 1187 1191 1193 1193 1194 1198 1201 1205 1208 1211 1214 1216 1219 1222 1225 1229 1231 1230 1236 1247 1254 1261 1269 1277 1282 1284 1288 1296 1307 1318 1325 1334 1347 1357 1363 1367 1371 1374 1378 1382 1385 1389 1399 1407 1400 1394 1389 1385 1386 1387 1394 1402 1405 1410 1417 1427 1435 1442 1450 1459 1464 1468 1470 1474 1479 1485 1494 1508 1517 1527 1536 1536 1537 1548 1556
1.7014100091878E+038 1.7014100091878E+038 1.7014100091878E+038 1191 1193 1197 1194 1191 1192 1193 1195 1198 1201 1205 1209 1211 1214 1217 1219 1222 1226 1230 1236 1236 1233 1237 1246 1251 1259 1267 1279 1287 1289 1293 1300 1310 1322 1329 1340 1353 1359 1363 1369 1374 1376 1379 1382 1385 1390 1398 1405 1407 1410 1410 1403 1399 1395 1400 1408 1413 1419 1426 1432 1442 1452 1460 1467 1472 1475 1479 1482 1484 1488 1493 1504 1517 1532 1545 1552 1558 1562 1565
1.7014100091878E+038 1.7014100091878E+038 1.7014100091878E+038 1194 1194 1199 1198 1198 1197 1198 1202 1204 1206 1208 1211 1215 1217 1219 1223 1225 1230 1234 1241 1244 1246 1246 1250 1252 1259 1266 1280 1294 1296 1300 1305 1313 1325 1334 1346 1357 1359 1362 1369 1375 1377 1379 1382 1386 1392 1396 1402 1411 1419 1422 1417 1413 1406 1407 1412 1416 1424 1431 1437 1447 1459 1468 1474 1479 1484 1488 1490 1490 1492 1496 1501 1510 1524 1538 1549 1561 1570 1575
1.7014100091878E+038 1.7014100091878E+038 1.7014100091878E+038 1196 1196 1199 1199 1199 1200 1201 1205 1206 1208 1210 1213 1217 1220 1223 1226 1228 1233 1237 1242 1246 1250 1251 1251 1253 1260 1265 1272 1279 1287 1295 1302 1308 1320 1329 1340 1351 1357 1362 1369 1374 1378 1381 1385 1391 1395 1399 1404 1410 1414 1417 1422 1430 1423 1417 1413 1414 1422 1431 1439 1449 1462 1472 1480 1487 1493 1496 1497 1497 1497 1502 1501 1502 1511 1526 1542 1559 1576 1585
1.7014100091878E+038 1.7014100091878E+038 1.7014100091878E+038 1198 1198 1198 1198 1198 1201 1204 1207 1207 1209 1211 1216 1220 1223 1227 1229 1232 1237 1241 1244 1248 1253 1256 1254 1257 1262 1266 1268 1272 1282 1293 1301 1309 1318 1326 1336 1348 1356 1361 1367 1372 1380 1385 1389 1396 1401 1404 1407 1413 1416 1420 1426 1434 1433 1431 1427 1424 1425 1434 1446 1456 1467 1478 1486 1492 1497 1503 1507 1510 1510 1512 1512 1513 1521 1541 1559 1579 1590 1595
1.7014100091878E+038 1.7014100091878E+038 1.7014100091878E+038 1203 1202 1202 1200 1201 1203 1206 1210 1212 1214 1216 1220 1224 1228 1231 1233 1238 1243 1246 1247 1251 1254 1261 1262 1265 1268 1268 1269 1275 1286 1294 1302 1316 1321 1324 1335 1348 1355 1360 1363 1368 1383 1389 1393 1401 1406 1410 1412 1418 1421 1426 1430 1434 1440 1443 1442 1437 1431 1437 1452 1463 1472 1483 1492 1496 1501 1508 1514 1518 1520 1520 1521 1522 1529 1550 1567 1588 1599 1601
1.7014100091878E+038 1.7014100091878E+038 1.7014100091878E+038 1205 1203 1203 1202 1203 1206 1208 1212 1215 1217 1218 1222 1227 1230 1233 1235 1239 1244 1248 1250 1254 1256 1263 1265 1269 1272 1273 1273 1276 1282 1286 1294 1307 1311 1315 1324 1336 1350 1357 1362 1365 1371 1374 1377 1382 1388 1401 1416 1422 1420 1427 1433 1437 1438 1439 1445 1453 1446 1445 1456 1466 1477 1487 1494 1499 1503 1509 1515 1520 1524 1525 1528 1529 1536 1552 1566 1587 1602 1604
1.7014100091878E+038 1.7014100091878E+038 1203 1202 1202 1203 1204 1207 1210 1212 1213 1216 1218 1220 1224 1229 1230 1233 1235 1238 1243 1247 1252 1257 1258 1264 1268 1271 1277 1279 1279 1279 1279 1281 1288 1298 1305 1309 1316 1327 1344 1356 1362 1365 1366 1368 1370 1372 1378 1397 1415 1424 1425 1432 1437 1442 1443 1444 1451 1461 1459 1459 1466 1472 1480 1489 1497 1506 1512 1518 1524 1529 1536 1539 1541 1542 1549 1567 1583 1604 1617 1618
1.7014100091878E+038 1.7014100091878E+038 1206 1205 1205 1205 1205 1209 1212 1214 1215 1219 1222 1223 1226 1229 1233 1237 1240 1242 1247 1253 1257 1260 1264 1269 1272 1274 1282 1286 1289 1290 1291 1291 1294 1299 1311 1315 1320 1327 1340 1355 1364 1369 1371 1376 1377 1375 1378 1397 1411 1425 1435 1440 1442 1448 1451 1454 1458 1463 1471 1477 1478 1480 1484 1492 1501 1512 1520 1526 1532 1539 1548 1552 1554 1555 1560 1577 1592 1611 1622 1625
1.7014100091878E+038 1.7014100091878E+038 1209 1209 1209 1207 1206 1210 1213 1215 1216 1220 1224 1226 1228 1230 1235 1239 1243 1245 1250 1256 1259 1261 1265 1271 1275 1278 1284 1290 1295 1297 1297 1299 1302 1304 1310 1311 1318 1325 1336 1348 1356 1365 1374 1377 1375 1379 1385 1391 1399 1402 1412 1422 1434 1446 1454 1458 1463 1467 1471 1475 1485 1495 1499 1501 1503 1507 1513 1522 1532 1542 1550 1557 1563 1567 1570 1572 1579 1594 1610 1624
1.7014100091878E+038 1.7014100091878E+038 1210 1209 1208 1208 1208 1211 1213 1214 1216 1219 1222 1225 1227 1229 1233 1238 1243 1247 1251 1255 1256 1259 1263 1270 1276 1280 1284 1290 1295 1297 1302 1305 1306 1307 1306 1302 1312 1323 1328 1335 1345 1360 1375 1378 1372 1378 1389 1390 1391 1403 1408 1415 1429 1444 1456 1465 1468 1471 1478 1482 1488 1500 1516 1528 1529 1528 1525 1524 1535 1544 1552 1563 1572 1578 1581 1582 1584 1597 1612 1625
1.7014100091878E+038 1.7014100091878E+038 1209 1209 1211 1212 1212 1212 1214 1217 1219 1221 1223 1226 1228 1231 1234 1238 1241 1244 1249 1254 1257 1261 1265 1266 1271 1280 1287 1291 1295 1300 1305 1309 1313 1317 1318 1316 1314 1321 1335 1347 1353 1359 1370 1382 1388 1383 1383 1398 1407 1405 1408 1417 1423 1437 1453 1465 1473 1480 1488 1490 1493 1497 1507 1522 1537 1548 1550 1548 1548 1550 1553 1562 1572 1581 1588 1591 1593 1602 1616 1630
1.7014100091878E+038 1.7014100091878E+038 1208 1208 1208 1209 1210 1211 1214 1218 1222 1226 1230 1232 1235 1236 1239 1242 1245 1247 1251 1255 1259 1262 1269 1271 1275 1282 1289 1295 1299 1303 1308 1311 1315 1320 1325 1328 1324 1322 1329 1338 1348 1356 1364 1373 1385 1393 1386 1386 1396 1408 1415 1419 1423 1433 1448 1463 1472 1476 1486 1500 1500 1496 1507 1517 1529 1542 1551 1563 1571 1570 1568 1570 1577 1587 1598 1605 1613 1620 1630 1640
1.7014100091878E+038 1.7014100091878E+038 1206 1208 1210 1211 1211 1213 1215 1217 1219 1222 1226 1228 1231 1234 1238 1244 1251 1255 1254 1254 1258 1264 1269 1274 1279 1282 1286 1294 1301 1305 1310 1313 1317 1323 1327 1330 1334 1339 1344 1340 1339 1349 1361 1370 1378 1390 1401 1397 1393 1401 1412 1420 1428 1438 1451 1463 1469 1473 1479 1487 1498 1512 1522 1529 1536 1544 1552 1561 1572 1582 1587 1592 1596 1597 1604 1615 1626 1634 1642 1654
1.7014100091878E+038 1.7014100091878E+038 1205 1207 1209 1211 1212 1214 1217 1222 1227 1231 1234 1234 1233 1235 1239 1242 1244 1249 1252 1257 1261 1265 1269 1274 1279 1284 1290 1293 1295 1297 1308 1318 1322 1325 1329 1333 1338 1344 1350 1356 1356 1351 1352 1357 1370 1382 1393 1407 1406 1405 1414 1426 1435 1447 1460 1472 1480 1486 1492 1499 1505 1511 1523 1535 1544 1551 1559 1566 1575 1583 1590 1597 1604 1613 1621 1626 1635 1645 1653 1658
1.7014100091878E+038 1.7014100091878E+038 1201 1206 1208 1209 1211 1213 1218 1222 1226 1228 1229 1230 1232 1235 1237 1241 1244 1246 1250 1254 1260 1263 1268 1276 1282 1287 1293 1297 1301 1303 1302 1307 1317 1326 1329 1333 1339 1346 1353 1357 1362 1366 1371 1372 1369 1380 1393 1404 1413 1419 1418 1428 1440 1453 1463 1471 1478 1482 1487 1495 1506 1516 1525 1536 1543 1550 1558 1567 1577 1586 1591 1598 1608 1616 1624 1632 1640 1649 1658 1667
1.7014100091878E+038 1.7014100091878E+038 1197 1204 1207 1208 1210 1213 1218 1223 1226 1229 1231 1231 1233 1236 1240 1245 1250 1254 1257 1260 1263 1266 1270 1277 1285 1292 1298 1303 1307 1310 1311 1311 1313 1318 1327 1338 1347 1352 1358 1365 1368 1371 1376 1382 1387 1384 1382 1392 1405 1414 1421 1428 1437 1446 1456 1466 1475 1483 1490 1496 1501 1511 1524 1536 1547 1557 1564 1570 1578 1587 1596 1606 1615 1620 1629 1639 1649 1659 1668 1677
1.7014100091878E+038 1.7014100091878E+038 1188 1195 1201 1206 1210 1214 1218 1223 1228 1232 1235 1237 1240 1243 1246 1249 1253 1256 1260 1265 1267 1270 1277 1283 1286 1292 1299 1304 1309 1314 1319 1323 1327 1328 1328 1330 1335 1344 1351 1359 1365 1371 1378 1384 1391 1397 1396 1395 1396 1401 1409 1417 1427 1437 1448 1459 1468 1476 1485 1493 1501 1511 1522 1533 1543 1554 1567 1578 1586 1593 1600 1608 1618 1629 1636 1645 1656 1667 1678 1690
1.7014100091878E+038 1.7014100091878E+038 1199 1203 1206 1210 1214 1219 1224 1228 1231 1233 1235 1238 1241 1244 1247 1251 1254 1256 1260 1262 1267 1272 1276 1280 1285 1290 1296 1302 1308 1313 1319 1324 1327 1333 1339 1338 1331 1333 1341 1350 1361 1372 1378 1384 1390 1398 1405 1409 1412 1414 1416 1420 1426 1433 1441 1449 1456 1464 1472 1479 1486 1495 1507 1517 1526 1538 1549 1564 1578 1591 1600 1610 1617 1624 1632 1641 1652 1663 1675 1687
1.7014100091878E+038 1.7014100091878E+038 1196 1194 1193 1198 1208 1219 1227 1229 1230 1232 1232 1237 1239 1242 1245 1250 1256 1260 1260 1263 1266 1269 1273 1279 1288 1295 1301 1306 1311 1316 1323 1329 1334 1340 1346 1350 1351 1348 1347 1348 1358 1366 1374 1382 1390 1398 1407 1415 1423 1428 1431 1434 1435 1440 1448 1455 1457 1456 1462 1470 1478 1488 1500 1513 1522 1529 1536 1548 1561 1574 1586 1599 1613 1624 1632 1639 1644 1655 1668 1682
1.7014100091878E+038 1.7014100091878E+038 1194 1187 1186 1190 1198 1209 1221 1230 1233 1233 1234 1236 1239 1241 1244 1248 1253 1256 1260 1264 1269 1273 1279 1284 1288 1294 1299 1306 1313 1319 1324 1330 1337 1343 1351 1356 1359 1363 1368 1370 1368 1361 1368 1375 1382 1393 1405 1416 1423 1426 1430 1434 1438 1443 1454 1465 1469 1469 1468 1471 1476 1488 1502 1515 1528 1540 1549 1561 1575 1588 1597 1603 1614 1626 1636 1644 1654 1666 1680 1693
1.7014100091878E+038 1.7014100091878E+038 1194 1189 1188 1190 1194 1205 1216 1226 1233 1236 1237 1241 1243 1244 1246 1250 1253 1257 1262 1268 1274 1279 1281 1286 1291 1296 1302 1306 1311 1317 1323 1328 1336 1343 1349 1356 1362 1367 1371 1376 1381 1387 1385 1381 1377 1377 1388 1400 1410 1420 1429 1439 1447 1452 1464 1477 1485 1491 1491 1487 1486 1492 1504 1518 1532 1544 1556 1569 1584 1599 1609 1613 1617 1627 1640 1653 1664 1670 1682 1697
1.7014100091878E+038 1.7014100091878E+038 1199 1196 1192 1194 1201 1209 1214 1219 1223 1228 1233 1238 1244 1248 1252 1256 1260 1262 1267 1273 1280 1280 1284 1294 1306 1315 1314 1313 1314 1316 1322 1328 1334 1341 1347 1355 1361 1367 1373 1379 1384 1391 1398 1400 1398 1392 1388 1394 1406 1416 1425 1435 1443 1453 1467 1478 1491 1503 1504 1507 1511 1520 1524 1525 1532 1542 1553 1566 1579 1593 1606 1614 1622 1630 1641 1653 1665 1675 1692 1708
1.7014100091878E+038 1.7014100091878E+038 1210 1212 1213 1214 1214 1215 1216 1219 1221 1223 1224 1227 1229 1232 1235 1239 1245 1253 1263 1271 1277 1282 1291 1303 1316 1327 1332 1332 1334 1335 1338 1340 1343 1347 1353 1361 1367 1374 1380 1385 1392 1398 1402 1408 1416 1420 1416 1409 1405 1408 1415 1423 1431 1434 1442 1451 1462 1473 1488 1503 1515 1522 1528 1536 1537 1537 1547 1556 1565 1577 1588 1599 1613 1629 1643 1657 1669 1675 1684 1699
1.7014100091878E+038 1.7014100091878E+038 1216 1221 1225 1230 1232 1233 1236 1239 1239 1239 1239 1239 1239 1239 1240 1242 1245 1251 1264 1277 1290 1299 1310 1323 1338 1355 1366 1367 1366 1362 1363 1365 1366 1364 1362 1366 1370 1375 1379 1385 1389 1395 1401 1408 1415 1424 1430 1428 1426 1427 1428 1428 1428 1431 1433 1439 1446 1457 1470 1483 1494 1508 1520 1531 1542 1548 1551 1557 1566 1579 1591 1604 1619 1637 1652 1669 1684 1696 1703 1711
1.7014100091878E+038 1.7014100091878E+038 1216 1218 1219 1223 1225 1228 1230 1234 1238 1238 1240 1242 1242 1242 1242 1244 1248 1255 1268 1287 1302 1309 1321 1335 1352 1365 1375 1383 1383 1379 1380 1383 1384 1385 1384 1382 1378 1374 1377 1384 1390 1397 1400 1404 1409 1420 1432 1437 1438 1441 1447 1449 1450 1451 1452 1455 1459 1460 1464 1474 1484 1494 1508 1519 1531 1545 1557 1568 1576 1586 1600 1615 1631 1646 1662 1676 1692 1707 1719 1723
1.7014100091878E+038 1.7014100091878E+038 1220 1222 1224 1227 1228 1230 1233 1236 1239 1244 1251 1257 1258 1258 1260 1261 1261 1263 1271 1284 1299 1308 1320 1337 1355 1368 1375 1379 1383 1389 1394 1397 1398 1398 1398 1396 1393 1389 1387 1388 1395 1406 1413 1416 1419 1423 1430 1444 1453 1456 1460 1466 1474 1481 1481 1479 1478 1478 1478 1479 1479 1487 1505 1520 1533 1544 1555 1566 1580 1594 1597 1607 1621 1639 1655 1672 1690 1707 1719 1728
1.7014100091878E+038 1.7014100091878E+038 1219 1221 1222 1225 1228 1229 1232 1233 1236 1237 1240 1244 1248 1252 1256 1260 1266 1266 1266 1271 1286 1306 1325 1344 1363 1376 1380 1386 1392 1396 1397 1397 1399 1400 1402 1403 1405 1408 1408 1408 1410 1417 1429 1437 1440 1442 1442 1449 1459 1467 1472 1476 1483 1491 1496 1499 1501 1501 1501 1500 1496 1493 1493 1501 1515 1532 1548 1561 1571 1584 1601 1612 1622 1636 1653 1672 1690 1706 1720 1737
1.7014100091878E+038 1.7014100091878E+038 1222 1224 1225 1226 1228 1229 1231 1234 1238 1241 1243 1244 1245 1247 1251 1255 1258 1263 1271 1281 1298 1317 1339 1360 1375 1385 1385 1388 1395 1392 1394 1395 1401 1407 1409 1411 1413 1415 1422 1429 1432 1433 1432 1434 1438 1444 1451 1457 1461 1468 1475 1480 1485 1491 1498 1503 1512 1521 1524 1525 1522 1519 1512 1507 1509 1516 1530 1546 1561 1574 1590 1609 1629 1648 1663 1680 1697 1716 1732 1749
1.7014100091878E+038 1.7014100091878E+038 1224 1228 1229 1230 1231 1232 1233 1235 1238 1241 1244 1248 1251 1253 1257 1262 1266 1269 1274 1290 1310 1330 1343 1356 1368 1373 1377 1383 1388 1389 1389 1394 1400 1405 1410 1413 1414 1417 1425 1431 1434 1434 1437 1443 1447 1451 1455 1458 1463 1469 1477 1482 1485 1492 1501 1510 1518 1527 1536 1541 1541 1538 1535 1531 1530 1529 1537 1551 1564 1572 1587 1611 1634 1650 1667 1687 1706 1725 1741 1753
1.7014100091878E+038 1.7014100091878E+038 1223 1225 1226 1226 1226 1230 1234 1239 1242 1244 1248 1251 1253 1256 1258 1261 1265 1269 1276 1290 1307 1319 1330 1343 1352 1360 1370 1379 1382 1383 1386 1390 1396 1403 1408 1415 1419 1421 1422 1423 1426 1428 1433 1441 1449 1455 1463 1470 1474 1477 1480 1484 1490 1499 1505 1511 1519 1528 1534 1542 1551 1558 1558 1556 1553 1553 1555 1567 1580 1592 1599 1611 1626 1645 1665 1685 1706 1724 1731 1735
1.7014100091878E+038 1.7014100091878E+038 1227 1228 1229 1231 1231 1232 1235 1238 1241 1243 1246 1250 1254 1258 1261 1265 1269 1272 1277 1283 1285 1295 1310 1322 1332 1346 1363 1376 1381 1384 1388 1391 1395 1401 1408 1414 1421 1425 1427 1430 1436 1441 1448 1455 1462 1468 1473 1477 1479 1483 1487 1493 1500 1504 1507 1513 1520 1527 1535 1543 1550 1557 1566 1572 1576 1578 1583 1590 1595 1600 1610 1627 1641 1650 1659 1671 1689 1703 1712 1725
1.7014100091878E+038 1.7014100091878E+038 1224 1225 1228 1230 1232 1233 1234 1235 1238 1242 1246 1251 1255 1258 1263 1268 1272 1275 1280 1285 1289 1294 1299 1308 1319 1335 1351 1366 1375 1380 1385 1389 1392 1397 1405 1412 1419 1422 1426 1432 1438 1444 1450 1458 1465 1473 1479 1485 1488 1491 1495 1499 1502 1507 1511 1516 1522 1531 1540 1550 1557 1564 1571 1577 1586 1596 1606 1615 1621 1624 1628 1636 1652 1674 1689 1691 1699 1714 1731 1748
1.7014100091878E+038 1.7014100091878E+038 1227 1229 1231 1233 1234 1235 1236 1238 1240 1243 1247 1251 1256 1260 1266 1269 1273 1278 1283 1289 1295 1299 1301 1309 1316 1328 1342 1361 1372 1376 1381 1384 1384 1385 1387 1394 1401 1409 1417 1425 1431 1437 1443 1450 1459 1465 1474 1482 1488 1493 1499 1503 1509 1515 1519 1522 1527 1534 1543 1554 1564 1570 1577 1584 1593 1604 1615 1627 1638 1645 1652 1657 1662 1671 1686 1701 1712 1720 1736 1751
1.7014100091878E+038 1.7014100091878E+038 1230 1232 1233 1234 1235 1235 1237 1241 1244 1248 1249 1253 1256 1260 1264 1270 1273 1277 1281 1285 1289 1293 1296 1301 1306 1314 1327 1344 1354 1357 1360 1363 1366 1370 1375 1382 1392 1400 1406 1418 1427 1434 1440 1446 1452 1458 1468 1476 1483 1487 1492 1499 1507 1514 1522 1529 1537 1545 1555 1563 1571 1579 1586 1594 1600 1605 1613 1624 1639 1649 1656 1664 1672 1679 1683 1690 1702 1719 1732 1743
1.7014100091878E+038 1.7014100091878E+038 1234 1234 1234 1235 1236 1238 1239 1239 1242 1244 1248 1251 1254 1258 1261 1264 1267 1273 1284 1291 1296 1300 1305 1312 1317 1320 1323 1333 1343 1351 1359 1365 1371 1377 1381 1387 1393 1399 1403 1408 1414 1420 1426 1435 1443 1451 1460 1468 1477 1487 1499 1510 1520 1527 1532 1538 1545 1553 1561 1568 1573 1579 1587 1594 1602 1611 1618 1627 1637 1647 1659 1669 1680 1690 1700 1709 1716 1726 1736 1746
1.7014100091878E+038 1.7014100091878E+038 1233 1233 1233 1233 1233 1233 1233 1234 1237 1241 1244 1246 1249 1254 1259 1264 1276 1291 1302 1309 1313 1316 1321 1325 1330 1334 1340 1348 1353 1358 1364 1369 1375 1381 1387 1393 1398 1405 1412 1418 1424 1430 1435 1440 1447 1455 1462 1470 1478 1485 1492 1498 1504 1513 1523 1532 1540 1548 1556 1565 1574 1582 1589 1596 1606 1617 1623 1629 1637 1646 1657 1669 1681 1694 1706 1718 1729 1736 1746 1759
