branches/Examples/Geoscience/Grid2dTerrain/Helens_Surfer.grd
DSAA
327 466
557820 567600
5108010 5121960
684 2547
[rows 407 to 443 of 466, columns 82 to 163 of 327]
1159 1157 1152 1150 1151 1150 1150 1149 1150 1152 1160 1173 1187 1194 1195 1197 1203 1209 1215 1217 1219 1221 1225 1229 1233 1233 1231 1225 1217 1211 1203 1194 1187 1189 1193 1193 1191 1189 1191 1192 1192 1190 1188 1187 1188 1191 1193 1198 1201 1204 1204 1204 1213 1217 1216 1214 1222 1229 1233 1236 1237 1235 1237 1244 1244 1241 1238 1236 1234 1232 1232 1235 1238 1240 1241 1240 1233 1216 1197 1189 1185 1186
1154 1153 1152 1151 1151 1150 1150 1149 1150 1151 1156 1169 1184 1193 1193 1195 1201 1206 1211 1213 1215 1217 1221 1226 1231 1231 1228 1221 1211 1203 1194 1186 1180 1181 1185 1187 1187 1186 1187 1188 1187 1186 1184 1184 1185 1187 1189 1193 1195 1196 1199 1201 1207 1211 1209 1209 1216 1221 1225 1228 1229 1227 1231 1235 1234 1232 1232 1231 1228 1227 1228 1229 1230 1231 1235 1236 1228 1211 1195 1187 1183 1187
1152 1152 1151 1149 1149 1148 1148 1150 1152 1154 1154 1163 1177 1187 1189 1192 1199 1204 1208 1208 1210 1212 1215 1220 1227 1227 1222 1216 1206 1195 1187 1180 1175 1174 1177 1181 1183 1183 1183 1183 1183 1182 1181 1181 1183 1184 1187 1189 1191 1191 1194 1198 1203 1207 1204 1204 1211 1215 1218 1221 1220 1220 1226 1227 1227 1226 1226 1225 1222 1221 1221 1221 1220 1219 1222 1223 1215 1202 1189 1182 1179 1180
1154 1154 1152 1150 1149 1148 1148 1150 1153 1155 1156 1166 1181 1187 1187 1192 1199 1204 1207 1207 1207 1211 1213 1216 1221 1220 1214 1208 1200 1189 1180 1175 1170 1169 1172 1176 1178 1178 1177 1179 1182 1182 1180 1178 1181 1183 1187 1190 1191 1190 1192 1196 1202 1205 1201 1201 1207 1211 1213 1213 1212 1217 1222 1223 1222 1222 1221 1219 1216 1214 1214 1211 1207 1204 1205 1205 1198 1190 1182 1177 1173 1171
1155 1155 1153 1152 1150 1149 1149 1150 1154 1155 1159 1170 1184 1186 1185 1191 1198 1202 1205 1205 1206 1210 1211 1215 1216 1215 1209 1202 1194 1184 1173 1169 1167 1167 1169 1171 1173 1173 1173 1175 1178 1177 1176 1174 1177 1179 1183 1187 1187 1186 1188 1194 1198 1197 1197 1197 1200 1203 1204 1204 1206 1211 1216 1217 1217 1216 1215 1214 1212 1210 1207 1203 1197 1193 1193 1192 1188 1183 1178 1175 1170 1166
1151 1151 1150 1151 1151 1151 1152 1153 1155 1157 1162 1170 1177 1179 1183 1189 1194 1196 1199 1203 1207 1210 1212 1216 1216 1212 1206 1199 1191 1179 1166 1162 1164 1165 1166 1166 1166 1167 1169 1172 1172 1170 1170 1170 1172 1174 1178 1184 1183 1181 1185 1191 1192 1189 1190 1193 1194 1195 1196 1197 1202 1207 1209 1210 1210 1209 1207 1204 1200 1198 1198 1192 1184 1180 1181 1181 1179 1175 1171 1168 1165 1162
1152 1151 1151 1152 1152 1153 1154 1155 1156 1158 1165 1172 1177 1179 1183 1189 1192 1195 1196 1199 1202 1206 1210 1211 1208 1200 1193 1188 1181 1170 1161 1159 1160 1162 1162 1161 1160 1162 1165 1166 1167 1166 1167 1167 1169 1174 1178 1182 1182 1180 1181 1187 1190 1189 1188 1190 1192 1191 1191 1193 1200 1205 1203 1202 1202 1200 1195 1187 1179 1182 1187 1180 1171 1166 1169 1170 1169 1165 1160 1159 1160 1160
1158 1155 1155 1155 1154 1154 1155 1158 1157 1159 1167 1176 1181 1181 1183 1189 1192 1194 1194 1194 1197 1201 1206 1205 1198 1188 1180 1177 1171 1162 1156 1156 1156 1158 1157 1155 1155 1157 1160 1161 1161 1163 1163 1164 1168 1173 1176 1178 1179 1178 1179 1183 1186 1186 1185 1188 1188 1187 1187 1192 1196 1197 1196 1196 1192 1186 1181 1175 1168 1170 1177 1171 1164 1159 1158 1159 1158 1155 1153 1153 1156 1159
1161 1155 1153 1154 1154 1154 1155 1156 1157 1158 1162 1169 1173 1175 1179 1186 1189 1189 1189 1190 1192 1197 1199 1195 1186 1178 1172 1169 1163 1157 1153 1152 1152 1152 1152 1151 1151 1152 1153 1155 1156 1158 1159 1163 1169 1171 1171 1173 1174 1177 1179 1179 1180 1180 1181 1183 1182 1181 1183 1189 1189 1188 1188 1188 1182 1174 1174 1172 1163 1161 1166 1162 1158 1155 1151 1151 1150 1148 1148 1149 1154 1156
1164 1156 1153 1154 1154 1154 1154 1154 1155 1157 1160 1164 1168 1172 1177 1184 1187 1187 1187 1187 1187 1189 1189 1184 1176 1169 1164 1161 1155 1150 1147 1148 1150 1150 1150 1149 1148 1149 1151 1153 1153 1154 1155 1160 1165 1168 1168 1169 1171 1174 1177 1176 1177 1177 1178 1180 1179 1177 1180 1185 1187 1184 1182 1180 1176 1172 1175 1175 1166 1159 1157 1155 1155 1154 1150 1148 1148 1148 1149 1150 1154 1155
1170 1158 1155 1155 1153 1152 1152 1151 1151 1156 1159 1163 1166 1170 1177 1184 1188 1188 1187 1184 1182 1180 1178 1173 1168 1160 1157 1153 1147 1143 1142 1144 1148 1149 1150 1148 1146 1147 1150 1151 1150 1150 1152 1156 1161 1164 1163 1163 1166 1168 1172 1172 1174 1174 1176 1177 1177 1174 1176 1181 1184 1182 1179 1175 1171 1171 1174 1177 1171 1162 1154 1151 1153 1153 1149 1146 1145 1146 1147 1149 1153 1153
1169 1157 1153 1153 1152 1152 1152 1152 1152 1155 1158 1160 1163 1166 1172 1178 1181 1181 1180 1179 1178 1177 1176 1172 1162 1160 1157 1148 1140 1136 1138 1141 1143 1146 1147 1147 1147 1146 1146 1146 1146 1146 1148 1152 1157 1159 1155 1154 1158 1160 1161 1166 1170 1170 1172 1173 1173 1171 1172 1177 1181 1181 1176 1169 1165 1166 1169 1174 1173 1166 1157 1149 1146 1147 1147 1146 1142 1142 1144 1149 1153 1152
1165 1156 1150 1150 1150 1151 1152 1153 1155 1156 1156 1157 1159 1163 1168 1173 1175 1175 1175 1176 1175 1175 1174 1169 1160 1160 1154 1141 1134 1132 1136 1138 1140 1142 1144 1145 1145 1144 1144 1144 1144 1143 1144 1149 1152 1152 1150 1152 1157 1160 1161 1162 1166 1166 1169 1171 1170 1170 1172 1174 1178 1177 1173 1167 1165 1166 1169 1171 1172 1169 1162 1154 1147 1144 1143 1145 1142 1141 1144 1153 1155 1154
1160 1155 1152 1151 1150 1150 1152 1156 1157 1156 1153 1153 1156 1162 1170 1174 1173 1171 1172 1174 1174 1174 1172 1165 1161 1158 1146 1132 1130 1131 1135 1137 1137 1138 1140 1141 1142 1143 1144 1144 1143 1141 1140 1145 1147 1146 1146 1151 1157 1161 1161 1160 1163 1163 1166 1169 1167 1167 1169 1171 1173 1173 1169 1165 1164 1166 1168 1168 1169 1168 1164 1158 1151 1144 1140 1142 1141 1140 1145 1155 1155 1153
1157 1155 1153 1152 1149 1149 1150 1154 1156 1155 1152 1151 1154 1160 1166 1170 1169 1167 1168 1170 1170 1168 1165 1163 1163 1156 1140 1126 1125 1128 1132 1134 1135 1137 1139 1140 1141 1139 1138 1138 1138 1137 1137 1138 1139 1141 1142 1147 1150 1152 1154 1157 1161 1161 1163 1166 1164 1163 1163 1163 1165 1165 1162 1160 1162 1166 1164 1165 1164 1163 1161 1156 1151 1144 1138 1138 1138 1140 1148 1155 1151 1150
1155 1155 1154 1151 1148 1148 1148 1150 1153 1153 1151 1151 1152 1156 1161 1165 1165 1164 1164 1165 1164 1162 1159 1160 1163 1153 1134 1122 1122 1127 1129 1130 1132 1134 1137 1138 1138 1135 1135 1135 1134 1134 1134 1135 1136 1138 1140 1143 1145 1147 1150 1155 1157 1157 1160 1162 1162 1161 1160 1160 1161 1162 1160 1159 1163 1166 1165 1163 1162 1162 1160 1156 1151 1144 1138 1138 1139 1141 1146 1152 1150 1150
1154 1153 1152 1151 1149 1148 1147 1149 1153 1155 1153 1150 1149 1156 1163 1167 1166 1164 1162 1161 1159 1157 1155 1156 1156 1145 1129 1119 1123 1127 1126 1126 1127 1128 1129 1131 1132 1133 1134 1134 1132 1131 1131 1134 1136 1138 1138 1139 1141 1146 1150 1154 1155 1154 1157 1160 1161 1159 1159 1159 1158 1158 1157 1159 1164 1166 1166 1164 1161 1160 1158 1154 1149 1143 1138 1138 1141 1142 1144 1149 1149 1150
1154 1150 1149 1151 1150 1145 1143 1146 1151 1153 1150 1146 1147 1154 1161 1164 1165 1162 1160 1158 1155 1153 1153 1155 1154 1140 1124 1116 1121 1124 1124 1124 1125 1126 1127 1128 1129 1129 1129 1129 1128 1128 1129 1132 1133 1135 1135 1135 1136 1139 1143 1147 1151 1151 1154 1157 1158 1157 1156 1156 1156 1154 1154 1157 1163 1167 1168 1164 1159 1155 1151 1150 1147 1140 1136 1137 1139 1141 1143 1147 1148 1149
1153 1145 1143 1150 1148 1137 1134 1140 1147 1147 1142 1140 1144 1149 1154 1158 1160 1160 1158 1155 1151 1149 1151 1157 1154 1137 1120 1113 1117 1120 1121 1122 1124 1125 1125 1125 1125 1125 1125 1125 1125 1126 1127 1129 1131 1132 1132 1133 1133 1134 1138 1143 1145 1148 1151 1153 1154 1154 1153 1153 1153 1151 1151 1156 1163 1169 1171 1167 1162 1157 1151 1148 1146 1139 1137 1138 1140 1142 1145 1148 1148 1146
1153 1143 1138 1139 1136 1131 1133 1137 1142 1143 1139 1136 1137 1142 1148 1155 1157 1157 1155 1151 1147 1146 1148 1154 1154 1136 1117 1110 1116 1119 1120 1120 1120 1122 1122 1122 1123 1123 1123 1123 1123 1123 1124 1127 1129 1131 1131 1131 1133 1134 1136 1141 1143 1146 1148 1149 1151 1152 1152 1150 1149 1149 1153 1158 1164 1169 1171 1171 1168 1162 1154 1148 1145 1139 1139 1140 1141 1142 1145 1146 1145 1143
1154 1143 1135 1128 1123 1127 1132 1135 1136 1137 1135 1132 1131 1135 1142 1149 1152 1153 1151 1146 1143 1143 1146 1151 1152 1134 1114 1107 1113 1116 1116 1117 1117 1118 1118 1118 1119 1120 1120 1120 1120 1120 1121 1124 1126 1127 1127 1128 1129 1131 1134 1138 1140 1143 1144 1145 1148 1150 1149 1145 1143 1147 1153 1156 1159 1163 1165 1166 1168 1167 1160 1150 1142 1137 1138 1139 1139 1139 1139 1140 1141 1140
1158 1148 1136 1123 1118 1123 1126 1129 1129 1128 1126 1128 1129 1129 1132 1139 1145 1147 1144 1139 1137 1139 1142 1150 1149 1131 1112 1106 1108 1110 1111 1113 1113 1113 1113 1113 1114 1115 1116 1117 1117 1117 1118 1121 1122 1124 1124 1125 1125 1128 1131 1134 1137 1141 1142 1143 1146 1149 1148 1143 1141 1145 1150 1152 1155 1157 1159 1161 1167 1172 1166 1153 1141 1135 1135 1136 1136 1136 1136 1137 1140 1139
1159 1149 1136 1123 1114 1114 1115 1121 1124 1121 1119 1122 1126 1126 1126 1131 1138 1141 1139 1136 1135 1137 1142 1148 1143 1127 1111 1103 1105 1107 1108 1109 1108 1109 1110 1111 1113 1114 1114 1114 1115 1116 1117 1120 1122 1124 1125 1125 1125 1126 1128 1133 1137 1140 1143 1144 1145 1149 1150 1144 1138 1141 1147 1151 1154 1157 1156 1156 1161 1167 1162 1151 1141 1135 1134 1134 1133 1133 1135 1138 1139 1140
1157 1147 1137 1125 1110 1101 1102 1112 1118 1116 1113 1115 1122 1124 1122 1124 1131 1134 1134 1133 1134 1135 1141 1145 1136 1120 1108 1101 1102 1105 1105 1105 1105 1106 1108 1109 1111 1112 1112 1113 1114 1114 1115 1117 1120 1121 1121 1121 1122 1122 1123 1130 1135 1138 1139 1139 1143 1149 1153 1145 1136 1135 1141 1146 1149 1151 1150 1150 1155 1162 1160 1152 1144 1137 1132 1133 1133 1134 1136 1138 1138 1138
1148 1142 1135 1126 1115 1100 1095 1103 1104 1105 1108 1112 1116 1117 1118 1121 1124 1128 1131 1133 1133 1133 1137 1138 1125 1104 1100 1099 1100 1102 1102 1103 1103 1104 1105 1106 1108 1109 1111 1113 1113 1112 1111 1113 1115 1115 1114 1115 1116 1116 1117 1124 1130 1133 1131 1131 1138 1148 1156 1147 1135 1130 1135 1140 1143 1145 1143 1145 1151 1157 1158 1155 1148 1138 1130 1130 1133 1135 1136 1137 1137 1138
1137 1132 1124 1117 1106 1091 1083 1089 1093 1096 1101 1106 1110 1112 1114 1115 1117 1123 1128 1132 1132 1133 1135 1132 1116 1096 1095 1097 1099 1099 1100 1100 1101 1102 1104 1103 1103 1105 1107 1109 1109 1109 1110 1111 1114 1114 1113 1114 1117 1116 1119 1123 1125 1127 1126 1130 1137 1144 1148 1144 1133 1127 1129 1132 1137 1138 1132 1138 1147 1153 1155 1152 1145 1136 1129 1129 1132 1134 1135 1136 1137 1138
1125 1115 1100 1090 1080 1070 1064 1072 1083 1089 1093 1098 1105 1110 1111 1109 1109 1117 1126 1130 1131 1133 1134 1126 1108 1091 1091 1095 1097 1097 1098 1097 1098 1099 1101 1100 1099 1101 1104 1104 1105 1106 1108 1110 1112 1111 1111 1112 1116 1114 1118 1120 1120 1120 1122 1128 1133 1137 1141 1141 1133 1127 1125 1126 1131 1132 1125 1130 1140 1145 1150 1150 1144 1133 1128 1128 1131 1133 1134 1135 1136 1136
1110 1103 1093 1081 1066 1055 1054 1061 1073 1084 1090 1096 1101 1105 1104 1100 1099 1106 1114 1120 1123 1129 1128 1115 1097 1089 1090 1092 1094 1095 1096 1096 1095 1094 1094 1095 1096 1098 1101 1102 1103 1103 1105 1107 1107 1106 1104 1107 1112 1107 1111 1116 1115 1113 1117 1122 1126 1130 1136 1139 1136 1128 1123 1122 1127 1126 1120 1123 1130 1134 1142 1148 1143 1131 1126 1127 1131 1133 1133 1133 1134 1134
1094 1091 1089 1076 1058 1045 1047 1056 1068 1081 1089 1095 1098 1098 1096 1091 1091 1098 1106 1113 1117 1123 1120 1105 1090 1088 1091 1091 1092 1093 1092 1092 1091 1089 1089 1091 1093 1096 1098 1099 1099 1100 1101 1103 1103 1102 1101 1102 1105 1104 1108 1111 1108 1109 1115 1119 1123 1125 1127 1131 1133 1127 1121 1120 1121 1119 1118 1119 1121 1123 1127 1130 1130 1128 1127 1128 1129 1130 1131 1131 1133 1134
1084 1078 1078 1071 1058 1048 1048 1059 1073 1084 1092 1096 1096 1091 1085 1083 1087 1094 1103 1111 1113 1115 1110 1096 1086 1088 1091 1091 1091 1090 1087 1085 1085 1085 1085 1088 1091 1093 1095 1096 1096 1096 1097 1098 1099 1099 1099 1098 1098 1102 1105 1106 1105 1107 1112 1115 1119 1120 1121 1125 1132 1129 1121 1118 1117 1117 1118 1119 1120 1121 1122 1124 1125 1127 1127 1127 1127 1128 1129 1130 1131 1132
1078 1067 1065 1063 1053 1043 1047 1057 1068 1079 1090 1096 1092 1083 1078 1077 1078 1081 1092 1103 1109 1108 1101 1091 1085 1086 1088 1088 1088 1087 1086 1085 1085 1085 1085 1086 1088 1091 1092 1090 1090 1091 1092 1093 1094 1095 1096 1096 1096 1101 1101 1100 1102 1105 1108 1110 1112 1113 1115 1121 1131 1130 1121 1115 1116 1117 1118 1120 1120 1121 1122 1123 1124 1125 1124 1123 1124 1126 1128 1129 1130 1131
1074 1059 1052 1053 1043 1031 1045 1053 1059 1072 1086 1094 1088 1076 1074 1074 1069 1069 1082 1096 1104 1102 1094 1087 1085 1085 1085 1086 1085 1084 1084 1083 1084 1084 1085 1086 1087 1089 1089 1087 1086 1088 1089 1090 1091 1091 1093 1093 1094 1097 1096 1095 1097 1100 1103 1104 1106 1109 1114 1122 1129 1131 1126 1119 1115 1115 1116 1119 1120 1121 1121 1122 1124 1124 1122 1122 1125 1128 1130 1133 1133 1133
1061 1050 1043 1040 1036 1033 1045 1057 1064 1075 1084 1087 1081 1071 1070 1074 1072 1070 1081 1092 1101 1103 1094 1088 1086 1083 1083 1085 1084 1082 1080 1079 1080 1082 1084 1086 1088 1088 1087 1085 1085 1086 1089 1090 1088 1087 1090 1091 1091 1091 1092 1091 1092 1097 1099 1100 1102 1107 1114 1121 1127 1130 1130 1125 1117 1113 1115 1117 1120 1121 1121 1122 1123 1122 1121 1121 1124 1129 1131 1133 1133 1135
1048 1042 1036 1031 1030 1033 1044 1055 1062 1072 1080 1079 1073 1068 1068 1070 1069 1068 1077 1086 1094 1096 1090 1087 1086 1081 1080 1083 1084 1084 1083 1082 1083 1084 1084 1085 1085 1084 1083 1082 1082 1083 1083 1084 1083 1084 1086 1087 1087 1087 1087 1087 1089 1091 1093 1095 1097 1101 1109 1117 1122 1123 1125 1123 1116 1111 1114 1116 1118 1119 1120 1120 1120 1120 1119 1120 1122 1125 1128 1130 1131 1134
1037 1033 1029 1026 1026 1031 1042 1047 1053 1065 1072 1069 1065 1068 1068 1064 1061 1064 1071 1079 1086 1086 1083 1085 1085 1078 1077 1080 1084 1086 1085 1085 1084 1084 1083 1083 1082 1080 1079 1079 1079 1079 1078 1079 1079 1081 1083 1083 1082 1082 1082 1083 1084 1086 1087 1089 1093 1099 1108 1115 1118 1118 1116 1116 1113 1110 1113 1114 1114 1115 1116 1116 1117 1120 1120 1120 1122 1124 1127 1128 1130 1133
1030 1027 1025 1024 1024 1029 1040 1048 1054 1063 1066 1062 1061 1064 1062 1057 1055 1059 1070 1079 1082 1080 1081 1082 1080 1074 1073 1075 1077 1078 1076 1076 1075 1075 1074 1075 1075 1075 1074 1074 1074 1074 1075 1076 1077 1080 1081 1079 1077 1077 1077 1079 1080 1081 1083 1085 1092 1103 1112 1115 1115 1113 1110 1108 1110 1112 1113 1112 1111 1110 1111 1113 1117 1120 1122 1122 1123 1125 1127 1129 1131 1133
1024 1022 1021 1021 1022 1025 1036 1045 1053 1059 1059 1055 1057 1060 1055 1051 1051 1055 1068 1075 1075 1074 1078 1078 1074 1070 1069 1071 1072 1072 1071 1071 1071 1070 1071 1071 1072 1073 1073 1073 1073 1073 1072 1073 1074 1077 1077 1076 1076 1076 1075 1076 1077 1078 1079 1083 1091 1101 1105 1105 1108 1109 1108 1107 1107 1109 1110 1109 1108 1108 1109 1111 1114 1117 1120 1121 1123 1126 1127 1128 1129 1128
