branches/Examples/Geoscience/Grid2dTerrain/Kapiti_Arcinfo.grd
ncols         200
nrows         225
xllcorner     2667000
yllcorner     6033000
cellsize      40
NODATA_value  -9999
[rows 155 to 185 of 225, columns 0 to 69 of 200]
-9999 -9999 -9999 -9999 -9999 -9999 -9999 -9999 -9999 -9999 -9999 -9999 -9999 -9999 -9999 -9999 -9999 -9999 -9999 -9999 -9999 -9999 -9999 -9999 -9999 -9999 -9999 -9999 -9999 -9999 -9999 -9999 -9999 -9999 -9999 6.318438 18.51538 35.54787 54.11689 71.44032 90.45386 106.9516 120.2175 128.4616 134.0511 137.1 138.679 140.5563 141.2643 137.335 127.6814 121.2878 126.7804 141.739 162.2365 179.3071 192.9576 205.8073 218.5457 228.4571 238.1405 247.4795 255.4978 259.4648 255.5455 246.2148 236.2864 223.2158 216.0125 210.8303
-9999 -9999 -9999 -9999 -9999 -9999 -9999 -9999 -9999 -9999 -9999 -9999 -9999 -9999 -9999 -9999 -9999 -9999 -9999 -9999 -9999 -9999 -9999 -9999 -9999 -9999 -9999 -9999 -9999 -9999 -9999 -9999 -9999 -9999 -9999 10.30574 25.03331 48.03224 73.71112 95.87144 117.3185 133.0277 143.6651 149.5612 149.5153 146.6298 142.7345 140.0872 137.8185 129.7339 121.2518 118.7447 123.1087 138.6823 157.1488 173.3922 185.8747 199.9872 211.7984 220.9193 229.7039 238.5287 247.3891 252.7657 252.1172 246.6753 238.7829 227.8239 219.6261 214.7688
-9999 -9999 -9999 -9999 -9999 -9999 -9999 -9999 -9999 -9999 -9999 -9999 -9999 -9999 -9999 -9999 -9999 -9999 -9999 -9999 -9999 -9999 -9999 -9999 -9999 -9999 -9999 -9999 -9999 -9999 -9999 -9999 -9999 1.420634 6.972055 16.70073 33.19224 59.05885 88.6466 115.9196 137.5443 150.1369 151.474 159.046 154.9537 148.5051 141.1359 135.9256 129.9893 121.9346 117.5412 116.438 121.3319 135.0954 150.3757 165.5745 180.9163 195.6708 205.8262 213.4978 220.1255 227.1699 238.2446 245.7261 247.9702 245.6246 240.2177 232.6772 224.8601 221.2736
-9999 -9999 -9999 -9999 -9999 -9999 -9999 -9999 -9999 -9999 -9999 -9999 -9999 -9999 -9999 -9999 -9999 -9999 -9999 -9999 -9999 -9999 -9999 -9999 -9999 -9999 -9999 -9999 -9999 -9999 -9999 -9999 -9999 8.933144 17.02438 28.94511 48.1266 74.85033 105.1717 132.6146 151.7783 159.3233 158.5815 155.4174 150.5282 145.4525 139.2648 132.5855 126.2324 120.231 117.3182 114.6822 118.5089 128.6974 142.8162 158.9428 174.8973 188.1155 197.7836 205.2115 211.0053 218.0943 228.7074 238.3253 243.3064 244.0002 242.4572 239.8188 236.7754 232.742
-9999 -9999 -9999 -9999 -9999 -9999 -9999 -9999 -9999 -9999 -9999 -9999 -9999 -9999 -9999 -9999 -9999 -9999 -9999 -9999 -9999 -9999 -9999 -9999 -9999 -9999 -9999 -9999 -9999 -9999 -9999 -9999 11.59577 21.24509 33.69704 49.79107 70.40616 96.25341 122.8695 145.2697 157.2361 158.7255 151.3211 144.1162 141.0182 139.124 134.2421 128.7592 124.2448 121.1193 118.9498 110.9045 110.8152 119.8599 134.6364 150.3369 165.0053 177.668 185.8804 194.7601 199.8723 205.6216 216.8649 228.1713 236.8546 240.7283 242.4514 242.9142 242.0052 240.0172
-9999 -9999 -9999 -9999 -9999 -9999 -9999 -9999 -9999 -9999 -9999 -9999 -9999 -9999 -9999 -9999 -9999 -9999 -9999 -9999 -9999 -9999 -9999 -9999 -9999 -9999 -9999 -9999 -9999 -9999 -9999 12.3394 23.52425 38.63729 56.19127 75.94693 97.65214 120.8104 141.5471 156.5046 159.5293 151.5484 142.6681 137.9849 135.2593 132.9368 128.994 124.6746 121.9015 120.49 118.2097 106.7343 101.8212 109.679 124.2996 141.0585 155.7482 166.5583 173.9718 181.5012 187.8251 193.6857 203.4913 216.1921 226.867 237.1797 240.3035 242.73 242.7411 241.2188
-9999 -9999 -9999 -9999 -9999 -9999 -9999 -9999 -9999 -9999 -9999 -9999 -9999 -9999 -9999 -9999 -9999 -9999 -9999 -9999 -9999 -9999 -9999 -9999 -9999 -9999 -9999 -9999 -9999 -9999 11.97057 23.62038 39.92938 59.52361 81.03262 103.6912 126.0482 145.3614 160.2201 168.1802 167.5833 158.9612 148.5798 140.6172 135.3276 131.0802 126.5475 121.8914 120.0154 119.9312 116.3322 102.8745 97.96253 102.7065 116.3895 131.7866 143.8087 153.8237 160.5287 168.873 176.8834 182.7475 192.3801 205.55 219.8212 230.9157 236.5049 239.5458 239.1947 237.6384
-9999 -9999 -9999 -9999 -9999 -9999 -9999 -9999 -9999 -9999 -9999 -9999 -9999 -9999 -9999 -9999 -9999 -9999 -9999 -9999 -9999 -9999 -9999 -9999 -9999 -9999 -9999 -9999 -9999 12.45135 23.41044 39.83783 60.33519 83.36909 107.4297 131.4865 152.6237 167.8307 177.0394 179.9741 177.5834 169.398 158.9337 149.0267 140.7306 134.4531 129.1814 122.8143 120.5643 118.5021 114.1355 102.9497 97.97423 99.89526 107.8872 118.8737 128.4896 137.2903 144.9658 156.0304 166.5383 175.7794 185.3878 200.3005 215.0692 225.1419 230.3654 231.6058 228.7906 225.4206
-9999 -9999 -9999 -9999 -9999 -9999 -9999 -9999 -9999 -9999 -9999 -9999 -9999 -9999 -9999 -9999 -9999 -9999 -9999 -9999 -9999 -9999 -9999 -9999 -9999 -9999 3.07496 8.062605 14.50847 24.99939 40.1722 60.69708 84.62683 110.1474 134.8654 157.46 174.9214 184.1704 188.0403 187.1169 182.4738 177.3439 168.284 159.0302 149.9594 142.6084 138.8899 133.5461 125.1898 120.9503 118.5221 110.1499 101.8473 98.95856 100.6819 106.8184 113.1618 121.553 131.4926 144.3421 158.7866 172.4442 183.8628 198.0856 209.2262 219.2804 224.1577 224.8253 221.1335 218.8026
-9999 -9999 -9999 -9999 -9999 -9999 -9999 -9999 -9999 -9999 -9999 -9999 -9999 -9999 -9999 -9999 -9999 -9999 -9999 -9999 -9999 -9999 -9999 -9999 -9999 -9999 10.95092 19.15012 28.19817 42.80243 62.64041 86.03539 112.3346 138.6905 161.9773 180.3629 192.4674 195.2432 194.9567 192.1033 186.8722 180.9249 174.8454 167.8517 159.9868 153.3179 149.3839 143.3036 135.9974 128.1023 123.1107 117.6134 108.4233 100.1069 97.62262 99.57302 102.5576 112.1077 123.7898 139.2455 154.0599 167.4528 182.0924 197.5059 206.9748 213.9491 217.9075 220.6598 218.8788 213.976
-9999 -9999 -9999 -9999 -9999 -9999 -9999 -9999 -9999 -9999 -9999 -9999 -9999 -9999 -9999 -9999 -9999 -9999 -9999 -9999 -9999 -9999 -9999 -9999 -9999 12.37595 22.78116 35.66509 48.95649 67.14185 89.03677 114.0128 141.0507 166.9358 187.1566 198.9527 203.4421 201.03 198.4223 195.1045 190.0043 184.6712 180.1254 175.2003 168.0319 161.2802 157.6865 149.1431 139.8363 130.086 122.4283 114.5976 103.5529 97.57004 95.36964 96.55092 100.4567 111.648 125.5452 142.4885 158.1982 171.4995 184.369 198.199 204.7442 207.4441 206.921 213.7847 211.9743 206.6015
-9999 -9999 -9999 -9999 -9999 -9999 -9999 -9999 -9999 -9999 -9999 -9999 -9999 -9999 -9999 -9999 -9999 -9999 -9999 -9999 -9999 -9999 -9999 7.076489 13.89598 24.49823 39.49685 56.56642 74.10484 94.41323 116.4081 141.121 167.5582 192.0916 208.0497 213.0229 212.3027 206.8587 200.7288 196.8043 190.7769 185.3531 182.1997 179.1519 172.1729 165.3239 159.3722 150.6407 139.8109 127.9048 118.0859 106.3328 99.51553 95.6537 94.66312 97.09178 102.4679 116.7783 133.9617 151.3458 165.8388 178.4924 189.4135 199.4731 202.4476 200.6565 200.3049 202.5487 203.6987 200.0209
-9999 -9999 -9999 -9999 -9999 -9999 -9999 -9999 -9999 -9999 -9999 -9999 -9999 -9999 -9999 -9999 -9999 -9999 -9999 -9999 -9999 4.898516 10.68727 18.16534 27.68557 42.16248 60.2435 80.1175 100.3257 120.8893 141.5553 163.6857 187.4714 209.2189 219.0177 220.3874 217.6919 210.8823 203.2143 197.513 188.2223 180.674 177.3015 173.9269 169.4893 163.9885 158.2668 151.5784 139.5783 125.7004 116.7187 107.256 99.87144 95.5472 94.26537 98.20958 104.9991 120.0734 138.3629 155.4447 170.8958 182.457 191.5056 199.565 201.9922 199.8248 197.071 197.0334 198.348 193.9314
-9999 -9999 -9999 -9999 -9999 -9999 -9999 -9999 -9999 -9999 -9999 -9999 -9999 -9999 -9999 -9999 -9999 -9999 -9999 -9999 5.653517 13.27795 23.33006 35.24562 48.45767 64.93032 83.86823 104.5452 124.9566 143.4034 160.2648 178.5549 199.0403 216.7467 222.4231 223.0182 219.207 211.0163 201.8071 192.9709 181.985 171.6433 164.6806 163.1083 162.1101 158.1196 154.4359 153.7771 141.1968 129.0115 120.0888 111.6615 101.9156 95.71149 90.44285 91.18023 101.7667 119.9387 139.8071 158.0978 173.2759 182.494 188.7407 195.5522 199.1328 195.9653 191.7067 189.6903 190.1376 186.025
-9999 -9999 -9999 -9999 -9999 -9999 -9999 -9999 -9999 -9999 -9999 -9999 -9999 -9999 -9999 -9999 -9999 -9999 -9999 -9999 12.1943 24.80869 41.41877 58.64752 74.33307 90.67424 108.0211 127.3815 145.161 156.4384 165.2717 181.2863 199.6075 214.8661 218.2106 219.2178 213.9391 207.8716 201.8137 193.8669 179.3518 164.1081 154.2668 151.7066 152.5947 146.9322 147.2164 143.8768 137.3541 129.5531 122.8962 116.7414 106.0111 97.01579 86.01613 83.42644 97.23943 117.7057 137.3938 154.0043 165.9614 176.7801 181.8949 188.0273 191.4145 189.3038 184.7416 181.5471 183.208 178.425
-9999 -9999 -9999 -9999 -9999 -9999 -9999 -9999 -9999 -9999 -9999 -9999 -9999 -9999 -9999 -9999 -9999 -9999 -9999 -9999 19.69247 38.63568 61.32248 82.67156 98.76074 113.1275 127.5704 143.5573 155.9005 158.4929 162.993 176.2368 191.5735 205.0935 213.5614 211.1702 204.3279 200.7429 197.5587 188.7742 175.3187 159.0053 145.1362 141.0168 139.9633 137.3192 137.2786 135.4947 131.5804 125.9248 119.6998 112.8617 103.5209 94.16716 81.97034 81.57451 93.58761 114.2329 131.2526 144.7254 157.0224 167.7407 174.9803 181.0925 185.1247 184.2407 180.3067 178.3257 176.9263 169.0593
-9999 -9999 -9999 -9999 -9999 -9999 -9999 -9999 -9999 -9999 -9999 -9999 -9999 -9999 -9999 -9999 -9999 -9999 -9999 12.13506 26.10232 50.22202 77.63596 99.93555 112.2484 123.3772 135.4867 142.6316 149.0869 150.2038 155.5762 165.3022 178.724 191.3008 199.4569 199.9983 196.558 193.0755 188.6903 180.8496 168.5664 154.6689 141.0542 133.8708 130.0697 127.9266 127.8927 127.224 124.3855 118.9142 111.7659 104.7429 95.75868 86.9772 79.92435 81.03619 92.02757 110.486 124.7643 136.1042 146.4117 158.5007 168.3664 177.4142 182.197 182.7552 180.054 176.3536 169.0845 161.3816
-9999 -9999 -9999 -9999 -9999 -9999 -9999 -9999 -9999 -9999 -9999 10.97902 13.57287 15.09838 15.50154 15.50321 14.30111 12.73892 13.12957 18.83056 33.4382 58.88142 85.90315 104.8794 116.1465 120.5716 128.9273 135.2618 138.6118 141.0715 147.1248 155.2049 165.0743 176.4312 184.3418 188.0843 188.4654 185.8281 181.1981 175.5385 162.4831 149.01 138.3338 129.7267 123.3994 120.2647 119.8655 119.248 116.4294 109.3491 101.8995 95.80878 85.29996 80.08821 76.97559 79.01729 88.33096 103.116 116.8668 127.977 138.6772 149.8531 160.6281 170.6666 179.7781 182.9532 181.7603 177.3525 164.9957 158.8328
-9999 -9999 -9999 -9999 -9999 -9999 -9999 -9999 -9999 -9999 -9999 15.37495 19.48302 22.96618 25.66496 28.83887 29.0444 27.41707 26.62323 30.87665 45.55467 67.56316 89.16596 102.1908 107.0383 107.6263 114.8488 119.5395 123.9949 130.7086 138.4771 145.9785 154.054 162.6609 170.794 177.2822 182.1284 181.1451 178.8135 176.3593 161.3862 146.2365 137.3525 129.8138 121.4808 117.0291 114.0257 110.6395 105.8857 100.355 95.72557 91.44047 86.70818 81.57647 77.53369 77.0432 82.0196 93.98642 106.382 118.373 130.0848 142.3153 155.4209 167.3406 179.2342 183.4197 182.3864 177.9383 166.8053 159.8094
-9999 -9999 -9999 -9999 -9999 -9999 -9999 -9999 -9999 -9999 -9999 19.51698 26.09398 33.71235 43.01165 52.18973 53.50747 51.65928 49.96398 52.01103 63.89656 81.14822 95.93133 101.1333 100.4344 100.4427 101.8001 104.6841 111.8111 121.0552 128.8766 136.6516 144.8263 153.5037 161.6797 167.9128 178.8813 177.7217 176.4132 177.8492 164.8904 152.5112 144.16 138.4198 129.0988 120.5958 113.7422 107.1618 100.6344 97.43813 96.85207 98.38254 97.47472 93.165 84.16197 78.70377 78.23033 83.55954 94.82877 107.4709 121.6237 137.1151 153.7358 170.6888 180.3592 182.8776 180.2065 174.4406 165.3574 159.558
-9999 -9999 -9999 -9999 -9999 -9999 -9999 -9999 -9999 -9999 -9999 -9999 29.87806 42.03944 55.48333 70.60242 70.2823 69.83488 71.99931 74.71421 83.37544 94.81081 101.1628 102.0414 99.9371 98.78735 96.59761 97.62109 103.7118 114.1654 118.8923 124.9187 135.9697 147.8394 160.2235 171.4503 179.3299 176.1214 177.915 179.7516 172.251 163.0364 157.9554 152.5167 141.4037 129.7621 119.9148 111.9161 106.1152 102.8371 103.5604 107.2781 108.4076 105.3751 96.75844 85.37921 78.94762 78.29124 83.90691 96.58181 113.1735 130.6494 149.3865 166.5082 177.6897 179.9859 177.2343 170.9566 162.1122 157.7898
-9999 -9999 -9999 -9999 -9999 -9999 -9999 -9999 -9999 -9999 -9999 -9999 24.65528 32.49858 44.21834 58.13283 66.77747 74.09359 82.83266 90.73781 97.46276 101.8331 102.8836 101.1871 97.29167 97.18019 91.7902 91.6805 97.9901 104.797 107.9511 114.4393 126.489 142.7219 159.325 173.3933 175.537 178.0669 180.2624 181.7412 179.0257 173.4696 169.8836 163.8862 153.773 140.8566 130.3674 123.1704 120.1972 119.1549 120.0275 121.9802 122.2023 118.8956 111.5007 98.18513 84.64092 77.81458 78.20022 86.1416 102.4856 120.8195 139.6494 156.9955 168.7213 173.7067 173.4056 169.7981 164.2382 158.8605
-9999 -9999 -9999 -9999 -9999 -9999 -9999 -9999 -9999 -9999 -9999 -9999 -9999 21.24923 27.85479 39.43952 51.76913 68.05699 84.78392 97.97499 101.3908 101.5962 99.01453 97.3584 94.36768 87.39552 81.6091 82.01672 88.92812 95.56231 97.51616 105.0302 120.4324 138.386 153.8736 165.7457 174.6498 178.2404 179.9277 181.496 180.0992 178.9497 178.6249 172.5399 162.2219 151.5014 143.28 139.3945 139.1953 139.5084 140.1232 140.5106 138.4707 131.0574 122.5964 110.4865 94.07385 80.45232 76.12372 80.65389 94.65372 111.1262 128.0681 145.216 158.8177 166.0453 168.227 167.8235 164.9972 158.6018
-9999 -9999 -9999 -9999 -9999 -9999 -9999 -9999 -9999 -9999 -9999 -9999 -9999 -9999 17.04771 25.26478 39.58727 59.55449 81.75295 97.87547 98.29892 95.08741 86.76109 83.55083 81.19795 76.59956 71.6702 73.34875 79.52576 83.95364 85.75269 96.77794 114.1654 132.1817 145.528 154.6657 161.5523 166.097 172.6706 179.2621 181.8212 181.8625 182.8304 178.7334 170.2487 162.0583 157.6375 155.5347 158.1702 158.7808 158.4572 157.2395 153.1276 142.0482 130.5434 116.7253 98.86823 82.21618 74.26795 75.4501 85.97329 101.8396 118.6109 134.969 148.1806 156.8199 160.8495 163.6196 163.5499 157.4172
-9999 -9999 -9999 -9999 -9999 -9999 -9999 -9999 -9999 -9999 -9999 -9999 -9999 -9999 12.84147 20.52422 34.09849 56.15871 79.38764 95.03697 94.05743 85.52024 80.47766 76.27005 71.439 65.43341 61.43587 65.0761 71.58087 74.7296 75.78127 85.84299 103.0783 120.3374 133.4773 140.8015 147.6627 154.7244 163.0442 173.5377 182.9206 189.1145 186.2165 180.62 175.7248 171.5112 169.1726 167.8012 173.2721 172.4331 169.7442 165.4424 158.8922 148.372 135.6035 121.0471 103.9783 86.87502 75.88026 71.43557 76.8678 91.4193 106.515 121.0365 134.0375 142.846 150.7993 157.3392 158.7459 151.2347
-9999 -9999 -9999 -9999 -9999 -9999 -9999 -9999 -9999 -9999 -9999 -9999 -9999 -9999 14.49709 24.14215 39.96896 60.03178 78.5268 86.73367 82.49698 81.26456 79.76167 75.10052 68.30385 60.86096 58.12334 60.26437 65.50936 62.89497 64.28672 75.41666 91.55745 106.4645 117.6872 125.0628 133.5977 143.8482 153.6865 164.9392 176.3112 180.2632 182.1576 179.994 178.4653 178.1986 179.1149 179.3915 181.3149 180.0043 176.596 171.8395 162.5135 151.7103 139.7761 127.5177 114.1685 98.4238 83.39022 72.54118 68.30292 77.02413 91.09841 104.6506 115.5159 125.0432 135.7178 144.0087 148.4806 142.2972
-9999 -9999 -9999 -9999 -9999 -9999 -9999 -9999 -9999 -9999 -9999 -9999 -9999 -9999 19.40288 33.25246 50.32333 68.51257 83.88914 88.43445 83.55087 82.17882 82.25366 79.12775 72.6903 66.65988 61.7951 59.624 60.01123 58.92941 59.17673 64.37784 76.94384 90.92716 101.2514 111.0259 121.6843 133.9098 143.9275 156.0722 165.9705 170.4803 174.6622 174.4466 176.6661 180.0523 182.5927 184.4524 185.4489 183.9904 180.5924 177.9483 168.1263 157.1105 144.5172 134.3144 123.765 111.4001 95.81869 80.3113 69.07314 64.83472 71.14755 82.52601 93.17059 104.9383 117.5951 129.9707 138.0107 135.6285
-9999 -9999 -9999 -9999 -9999 -9999 -9999 -9999 -9999 -9999 -9999 -9999 -9999 -9999 21.90415 38.62742 59.93588 78.77377 95.82193 100.3233 98.02206 95.38267 90.9771 85.97791 80.82204 78.03431 73.31902 64.64764 60.52596 59.90252 57.82056 56.30814 61.34053 73.1758 84.14076 96.63802 109.1387 121.5449 132.8134 143.7114 153.0346 155.601 159.1597 162.4013 170.6034 179.3103 182.8795 186.1073 187.2977 186.3147 183.6423 179.724 170.6564 160.6311 151.3456 141.5617 131.9888 120.4816 106.7266 90.42921 76.6219 66.31949 60.99569 65.14754 74.23907 86.67496 99.75871 116.1211 126.7776 127.8798
-9999 -9999 -9999 -9999 -9999 -9999 -9999 -9999 -9999 -9999 -9999 -9999 -9999 -9999 22.77901 40.28865 66.35178 90.74241 107.3229 112.1007 109.9865 105.4054 99.57566 93.77063 89.79571 88.54719 83.7289 75.58547 67.11504 62.38519 58.07492 48.85658 46.55862 55.98289 67.95684 81.50939 95.98927 109.3571 121.0432 130.8597 137.2346 139.1429 142.5765 148.9604 162.4841 176.1495 182.6461 186.2328 187.3172 186.6608 184.3627 179.8943 171.5639 162.9312 157.5201 148.8421 139.4023 127.7514 114.8563 98.01154 82.60158 72.07472 61.53548 59.66344 63.448 75.92704 89.75515 107.2605 120.6117 125.2608
-9999 -9999 -9999 -9999 -9999 -9999 -9999 -9999 -9999 -9999 -9999 -9999 -9999 -9999 21.83568 39.81014 67.77388 93.42348 103.0342 115.8381 116.5802 112.0743 106.1614 101.0492 99.45614 98.22211 91.41678 80.43136 70.09209 62.43159 55.79635 43.28827 39.6888 43.4822 54.27341 67.32767 81.96564 96.97602 109.4763 118.1171 121.189 122.5612 129.2974 139.8598 154.992 169.0749 178.785 183.6751 185.0049 185.1417 183.6818 179.6432 171.4372 162.0636 158.1162 153.3411 145.5472 135.201 119.7004 100.8112 82.40263 68.61189 59.64521 56.85609 60.09639 70.39416 87.70036 107.1885 123.1699 129.7645
-9999 -9999 -9999 -9999 -9999 -9999 -9999 -9999 -9999 -9999 -9999 -9999 -9999 -9999 19.4422 37.34589 65.83674 93.7853 110.1894 114.1299 119.493 116.4713 111.822 107.8018 104.8766 101.2426 94.57948 81.38065 69.9236 60.53595 53.31275 44.53138 39.87412 38.96684 43.39996 54.70328 68.75614 84.21705 98.09285 106.1268 107.5833 107.6952 117.3936 129.8956 144.7327 159.4516 170.6501 178.1284 180.3798 182.4041 182.685 180.0598 174.1655 166.5028 161.222 158.6776 151.0611 140.6353 124.5492 104.2797 82.84233 65.04187 57.44835 57.28658 64.1756 79.23958 98.4805 118.4485 134.1324 138.987
