branches/Examples/Geoscience/Grid2dTerrain/Kapiti_Arcinfo.grd
ncols         200
nrows         225
xllcorner     2667000
yllcorner     6033000
cellsize      40
NODATA_value  -9999
[rows 93 to 123 of 225, columns 70 to 139 of 200]
-9999 -9999 -9999 -9999 -9999 -9999 -9999 -9999 -9999 -9999 -9999 -9999 -9999 -9999 -9999 -9999 -9999 -9999 -9999 -9999 -9999 -9999 -9999 -9999 6.579361 20.47536 35.6697 48.58212 64.93428 81.86671 98.73548 118.7386 141.7431 165.7305 190.2431 214.9915 240.1644 269.0763 302.9098 340.9357 380.677 417.5681 443.4881 449.4553 440.7192 423.8282 405.8778 390.0908 375.9353 360.3889 346.1754 339.9972 336.7771 326.574 312.0754 295.0087 278.8555 266.4264 262.5119 259.3135 251.121 240.45 230.042 222.0271 220.8217 222.1006 226.881 220.7317 210.6041 200.1797
-9999 -9999 -9999 -9999 -9999 -9999 -9999 -9999 -9999 -9999 -9999 -9999 -9999 -9999 -9999 -9999 -9999 -9999 -9999 -9999 -9999 -9999 -9999 -9999 11.62946 29.47985 50.8338 69.17215 89.62673 108.3328 124.6851 143.1599 164.5416 187.9959 212.8243 237.9612 264.4833 294.8197 329.3951 367.0516 405.0294 438.2133 458.3749 459.5692 447.0185 430.5245 413.6311 397.1589 382.3953 368.9879 357.656 349.9009 350.153 340.7698 326.0002 308.6046 292.3875 281.2821 275.9345 272.0586 261.2882 248.6821 237.2286 227.5071 222.3976 220.8672 219.7355 211.6933 203.391 196.1151
-9999 -9999 -9999 -9999 -9999 -9999 -9999 -9999 -9999 -9999 -9999 -9999 -9999 -9999 -9999 -9999 -9999 -9999 -9999 -9999 -9999 -9999 -9999 -9999 15.0251 33.91142 58.84459 84.39315 109.4453 130.9603 148.9115 167.3972 188.2595 210.9571 235.3526 260.8683 288.7826 320.3827 355.7767 393.6357 430.3365 459.7592 475.6813 472.2747 457.6341 439.6427 422.6005 407.0526 394.7999 383.6221 374.7052 366.1685 363.1725 354.8875 340.23 323.0821 308.1247 299.8667 294.4448 286.3736 274.3169 260.3046 248.7366 240.7619 236.5639 232.6991 223.7713 213.8928 205.4318 201.8511
-9999 -9999 -9999 -9999 -9999 -9999 -9999 -9999 -9999 -9999 -9999 -9999 -9999 -9999 -9999 -9999 -9999 -9999 -9999 -9999 -9999 -9999 -9999 5.231931 20.71588 42.20395 69.03028 97.36848 124.9227 149.466 170.77 192.12 214.3449 236.8419 259.9888 284.2343 312.0597 343.8594 379.9015 418.4476 453.6619 479.3423 491.4045 484.5726 468.2951 450.5076 435.9519 423.0214 412.4545 402.3735 393.5695 383.8479 377.164 367.1467 353.72 338.5387 325.7903 318.9015 312.3178 300.8723 286.2104 271.994 260.7819 253.9095 247.2707 245.0549 236.5311 226.3767 220.9991 218.1384
-9999 -9999 -9999 -9999 -9999 -9999 -9999 -9999 -9999 -9999 -9999 -9999 -9999 -9999 -9999 -9999 -9999 -9999 -9999 -9999 -9999 -9999 -9999 12.4215 29.97856 54.04003 81.71281 110.4895 138.8031 165.2713 190.784 216.6172 241.1212 264.4878 286.3412 308.9217 335.1552 365.7765 401.1915 439.1027 472.1197 492.3797 496.9497 495.0374 480.8582 465.0787 452.1181 441.553 432.1312 421.1025 410.0085 398.984 388.2494 376.3695 363.0683 351.7881 342.6858 336.0753 327.4431 315.5081 299.8689 283.9828 271.893 264.6966 260.4305 258.7425 251.433 243.8927 240.1032 235.8344
-9999 -9999 -9999 -9999 -9999 -9999 -9999 -9999 -9999 -9999 -9999 -9999 -9999 -9999 -9999 -9999 -9999 -9999 -9999 -9999 -9999 -9999 8.140652 23.80966 45.19474 71.15758 98.67888 126.674 154.8512 182.5062 210.4759 239.1938 266.6594 291.4309 313.1882 334.2138 358.2048 386.4612 420.1346 456.0345 485.5675 499.7058 502.009 499.0632 488.5576 477.1479 465.9166 456.7419 446.5358 435.2735 421.7944 409.3218 396.0923 381.5441 371.2729 364.2977 358.5639 350.6909 340.784 328.5028 313.2579 296.4359 282.6067 274.9837 272.627 272.929 266.0008 260.6145 256.4953 249.3299
-9999 -9999 -9999 -9999 -9999 -9999 -9999 -9999 -9999 -9999 -9999 -9999 -9999 -9999 -9999 -9999 -9999 -9999 -9999 -9999 -9999 4.998778 19.21077 39.18734 63.84796 91.36547 119.3295 147.1422 174.825 202.1573 230.6432 260.9625 290.2248 315.6476 337.5553 358.0578 379.9517 405.4564 437.0333 469.2987 493.5573 501.758 500.0344 494.4934 487.2285 479.2628 470.5517 462.8174 454.6159 441.1004 426.8052 413.7902 398.9644 384.6985 379.005 378.6042 374.0121 364.4453 353.6788 341.1147 325.1062 307.7824 294.0359 285.1772 282.3027 282.3543 278.459 272.3119 264.5331 255.2957
-9999 -9999 -9999 -9999 -9999 -9999 -9999 -9999 -9999 -9999 -9999 -9999 -9999 -9999 -9999 -9999 -9999 -9999 -9999 -9999 2.812272 15.01929 32.9796 57.88931 86.24456 115.0934 142.8996 170.2828 197.1898 224.1592 252.5835 282.7627 311.7026 336.989 359.174 380.0422 401.5817 426.3145 455.2104 481.6878 498.2291 500.0233 493.1539 484.6305 479.1411 472.5541 465.6818 458.2048 449.9446 438.1842 423.4765 409.9631 399.2285 390.1713 386.6875 391.8728 386.2957 377.8752 366.4327 355.1527 340.1214 323.0395 308.5404 300.0439 294.4131 290.9256 285.34 277.5027 264.3888 251.4293
-9999 -9999 -9999 -9999 -9999 -9999 -9999 -9999 -9999 -9999 -9999 -9999 -9999 -9999 -9999 -9999 -9999 -9999 -9999 1.85086 12.88167 29.2225 52.57611 81.6305 112.0123 140.9251 167.6383 194.2362 221.1588 248.3042 276.5088 305.3835 331.7726 355.4839 378.0958 400.4726 423.4383 448.2367 473.7399 493.3326 500.557 496.9612 485.3699 476.1255 468.8502 461.5403 455.1252 446.4145 440.3039 431.2559 418.6353 404.4172 398.8871 396.4321 397.9643 400.1298 397.4685 388.5421 377.7547 366.0589 353.576 338.1631 324.5797 314.8322 304.7023 296.512 287.0708 276.7483 261.5925 244.976
-9999 -9999 -9999 -9999 -9999 -9999 -9999 -9999 -9999 -9999 -9999 -9999 -9999 -9999 -9999 -9999 -9999 -9999 1.124691 11.56485 26.94762 48.93698 77.09974 108.3421 139.2382 167.712 193.6343 220.131 246.9476 273.7351 300.1814 325.4305 347.7628 369.6237 393.2753 417.8702 442.5027 467.326 489.2996 500.3478 499.9901 490.203 479.3901 468.3198 458.9113 450.2585 442.9957 437.3661 432.4871 425.4534 415.3878 402.5579 399.9496 400.1094 401.9773 402.1854 399.627 391.3247 380.6145 368.8937 357.8089 345.1168 334.3783 322.3969 311.7123 298.1442 283.9268 271.3832 257.482 241.0199
-9999 -9999 -9999 -9999 -9999 -9999 -9999 -9999 -9999 -9999 -9999 -9999 -9999 -9999 -9999 -9999 -9999 -9999 9.603321 24.35801 45.38683 72.31268 103.2364 135.1337 166.2698 194.9387 221.8627 248.4938 273.617 297.5434 319.5203 339.8521 359.647 381.4842 405.5989 430.832 455.7169 478.8986 497.4639 503.9888 499.7011 487.0719 474.1883 460.7149 449.5556 440.9696 435.0396 430.5668 426.3237 420.4475 411.3819 402.7741 401.2828 403.4885 403.6709 400.4355 396.1003 387.8499 377.2212 364.002 352.6482 341.2778 330.2451 317.568 304.7625 292.0793 278.2119 264.2446 251.6553 237.7435
-9999 -9999 -9999 -9999 -9999 -9999 -9999 -9999 -9999 -9999 -9999 -9999 -9999 -9999 -9999 -9999 -9999 6.663756 19.94579 39.95466 66.18855 96.55058 128.6269 160.888 192.8539 222.7431 251.532 277.5359 297.6859 315.1481 332.7227 349.0213 366.987 389.8647 414.6866 438.6104 461.2975 482.3378 499.0719 503.8335 497.3546 481.612 466.2404 453.6663 442.3537 434.8871 429.3651 424.8148 420.3676 416.3304 407.1476 400.3483 402.3668 405.9579 404.8372 399.6903 390.9619 380.4415 368.6971 356.0706 344.1299 334.1071 322.3275 307.9613 296.23 284.1503 270.6425 257.7295 245.8407 232.7723
-9999 -9999 -9999 -9999 -9999 -9999 -9999 -9999 -9999 -9999 -9999 -9999 -9999 -9999 -9999 -9999 4.348882 15.04795 31.61274 56.45438 86.90432 119.0215 151.7971 184.5958 217.8934 250.4322 280.373 303.5888 312.4766 320.9485 335.5098 352.1939 371.2933 394.6618 418.6884 440.3936 460.281 479.137 495.2217 500.0876 492.3788 476.536 462.7824 450.8015 440.0325 431.5407 424.7753 418.6744 412.2122 407.3821 400.7074 397.646 400.2155 404.0406 402.0707 395.5114 383.3897 370.9622 357.5584 344.3987 335.4514 327.8591 318.3531 303.3447 289.8169 276.9902 262.6432 249.4866 236.8071 222.1681
-9999 -9999 -9999 -9999 -9999 -9999 -9999 -9999 -9999 -9999 -9999 -9999 -9999 -9999 -9999 3.32717 12.78061 26.68615 47.51337 75.2813 107.4112 140.8032 174.141 207.5876 242.143 275.5866 302.9038 319.1796 306.228 314.2714 329.6216 351.3089 374.7627 397.547 418.7184 436.7847 452.6348 468.149 483.6788 493.4662 487.8152 474.9309 461.8091 449.6351 438.621 428.4632 419.6243 410.2933 402.3487 398.2787 393.6639 392.7424 398.5004 400.6147 397.9193 386.8482 375.4538 361.8668 346.0456 332.0175 322.6055 320.1951 314.8603 300.6437 284.524 269.8691 255.0781 240.2492 225.2297 209.2605
-9999 -9999 -9999 -9999 -9999 -9999 -9999 -9999 -9999 -9999 -9999 -9999 -9999 -9999 -9999 11.48359 24.52532 42.81639 66.97647 96.10639 128.2166 161.6545 195.3459 229.1047 263.6362 294.7395 312.494 302.9038 300.1277 308.6711 325.4183 349.4456 374.1903 395.0136 413.0804 426.9232 440.0744 454.3795 468.3641 479.4941 481.3412 475.7 461.2324 446.0629 435.2209 424.2154 413.7675 401.9406 393.5861 388.5901 384.9487 383.4482 391.0256 397.24 391.525 381.0878 370.1487 356.95 339.3326 321.6382 309.5376 310.5521 306.7222 296.6506 281.2545 264.5253 247.4296 232.6118 215.5923 197.9866
-9999 -9999 -9999 -9999 -9999 -9999 -9999 -9999 -9999 -9999 -9999 -9999 -9999 -9999 8.871904 21.92766 39.66865 61.20608 87.22333 116.7115 148.5261 181.8658 216.308 250.5674 282.9595 309.0316 319.2779 305.819 299.9996 305.9662 322.6195 346.202 369.254 385.9163 400.9876 412.7121 424.3085 438.8999 453.5381 465.04 474.224 472.6427 461.6491 447.5302 434.8359 420.2406 405.5405 394.5663 386.0134 380.4375 378.4765 377.7632 382.4638 387.6144 382.9393 375.0144 364.7939 352.2686 334.6694 315.4702 301.343 296.1965 295.5162 289.6963 278.7979 264.0563 246.5965 231.7078 213.1068 191.7433
-9999 -9999 -9999 -9999 -9999 -9999 -9999 -9999 -9999 -9999 -9999 -9999 -9999 -9999 16.704 33.91067 55.94947 79.54454 106.152 135.9185 167.5726 201.4564 236.9908 271.0531 299.3933 316.9581 317.8822 303.9601 298.288 302.7325 319.1152 340.5269 361.0675 376.7624 389.3474 399.5407 409.2112 422.7466 436.6057 448.3642 460.6996 467.4759 463.785 454.6648 438.7149 420.3391 403.171 391.0945 380.7447 373.2766 369.9457 371.4207 378.1399 382.0797 378.2068 368.5628 356.963 343.5568 328.5478 312.3174 295.9962 287.358 283.5337 281.6033 274.6196 261.9129 248.7159 235.5543 216.7809 193.6291
-9999 -9999 -9999 -9999 -9999 -9999 -9999 -9999 -9999 -9999 -9999 -9999 -9999 10.24725 25.11664 46.54472 72.06796 97.13572 124.5794 154.1891 185.6509 219.7816 255.5286 288.1991 311.2117 318.0737 311.2395 300.9618 296.3971 300.4131 314.4833 333.4226 351.8051 365.357 377.4145 388.0299 398.1825 409.2141 420.6519 432.9948 446.1112 457.8673 461.4437 456.4067 440.5592 421.6604 404.4466 391.5715 378.8692 367.3939 361.1917 362.1586 369.2496 374.116 368.9745 358.3221 345.9026 334.8605 322.1193 308.1022 294.5403 282.4308 276.5765 273.3676 264.8125 256.4471 247.0302 235.6062 217.4957 193.9594
-9999 -9999 -9999 -9999 -9999 -9999 -9999 -9999 -9999 -9999 -9999 -9999 -9999 17.13829 34.76365 58.29926 86.24609 114.2052 142.6282 172.4104 204.28 238.1177 272.1811 301.5162 319.1558 318.931 305.7693 297.4591 293.7763 296.3409 305.7642 321.9218 338.8437 352.7628 363.2853 375.2758 385.9662 395.8947 405.7796 419.0239 433.6231 447.0632 456.6963 451.624 438.4134 421.9107 406.8916 393.3214 377.7051 363.1198 355.8463 354.3879 357.1266 358.6685 354.6432 344.7483 335.2977 327.0356 316.6689 302.6437 289.6913 277.9052 268.1975 260.4086 253.6334 247.7574 239.9236 228.4673 211.1693 188.2727
-9999 -9999 -9999 -9999 -9999 -9999 -9999 -9999 -9999 -9999 -9999 -9999 9.583172 24.50939 45.57782 71.94942 101.4455 131.6019 162.2348 193.5627 225.7222 258.438 289.988 315.981 329.0469 322.9777 307.0838 297.4174 292.73 293.5723 300.1426 312.0514 325.7975 337.5818 347.1866 359.6183 371.8995 381.1663 392.6255 406.7783 423.1013 437.6072 446.3188 441.8958 431.3065 418.05 403.9178 389.4856 374.7324 360.9855 351.6962 345.6906 341.4602 339.723 336.3886 329.6506 323.0501 318.2235 309.0959 296.3209 283.3141 270.9723 259.2721 247.577 241.2917 236.4662 228.6329 216.2675 197.6161 176.9523
-9999 -9999 -9999 -9999 -9999 -9999 -9999 -9999 -9999 -9999 -9999 5.703324 18.07268 36.13919 60.32742 88.55786 119.1102 150.8194 183.7183 216.8966 249.3221 280.7759 309.4249 330.998 339.7987 331.9192 314.1685 300.4748 293.2399 291.8688 295.8117 304.285 316.6451 323.9095 332.8129 343.6932 355.8605 366.3377 380.7974 398.1151 415.5593 428.2488 436.9533 432.0734 421.9905 410.4172 398.0357 384.0295 371.7027 359.8051 348.7336 338.7491 327.3837 321.5854 317.0571 312.7802 309.5801 308.0951 299.3317 288.3135 276.7982 265.6467 253.7919 241.2694 231.0644 222.331 214.0586 201.239 184.3667 161.2748
-9999 -9999 -9999 -9999 -9999 -9999 -9999 -9999 -9999 -9999 4.921002 15.05578 30.53924 52.38145 78.41187 107.3438 138.3541 170.9899 205.6387 240.4633 273.1075 302.4331 325.3984 337.0923 326.9784 332.4622 318.279 302.3656 293.6582 290.3144 291.8944 297.7019 304.0109 311.3063 320.0495 330.2936 341.6333 354.2025 370.4725 389.5128 408.2819 421.9203 427.9906 422.8112 413.804 402.7206 391.9226 380.4568 369.5038 358.8072 346.5436 335.2987 321.02 309.2244 299.2099 293.4714 292.0342 290.4482 285.0891 278.5023 272.1654 261.9707 250.4321 237.0212 221.3702 207.0994 195.6209 181.5556 164.1303 139.6115
-9999 -9999 -9999 -9999 -9999 -9999 -9999 -9999 -9999 7.406623 15.47213 28.87034 48.76272 72.66737 98.68727 127.1995 158.3077 191.8479 227.3274 262.3418 293.485 319.3427 336.816 341.6839 333.7737 322.8258 316.5719 302.9059 293.8456 288.0712 286.4474 289.0371 293.8506 300.439 309.1395 319.3048 330.5026 343.6171 360.8619 380.9456 400.9386 416.8051 423.0616 418.8018 408.5448 397.9725 386.9552 376.8706 366.2322 356.2585 343.0403 331.8221 318.7645 304.1989 289.1927 283.6066 280.6816 275.6134 270.3574 265.3933 263.8864 257.5559 245.7637 230.7231 211.1191 192.2902 175.7779 159.3772 140.2894 116.225
-9999 -9999 7.772752 6.847405 5.931782 5.673037 6.572809 9.066607 13.74163 20.5316 30.75576 47.93773 70.07746 94.3742 119.7831 147.3086 178.0576 211.7107 246.608 279.9431 307.8272 330.2391 341.2532 343.2363 339.0388 330.9904 319.6898 306.1952 295.2028 285.4948 280.0266 280.1514 284.5081 290.6991 299.5224 309.8746 321.6431 335.3892 352.2419 372.3716 392.6493 409.2381 417.8319 413.4892 402.8161 392.4529 381.003 369.9086 360.5767 351.6066 340.7603 330.9188 320.6825 310.3759 296.149 285.0558 277.694 266.1855 259.2742 255.0907 254.732 248.4209 236.4889 219.5937 198.9835 177.3343 157.6394 138.2152 117.475 95.34731
16.79933 19.37805 19.68093 18.87946 18.20918 18.55344 20.46857 24.36644 31.22748 40.0473 52.396 70.21859 92.47688 116.94 142.1811 169.2568 199.1455 231.3077 263.9719 293.7475 315.3254 334.5782 339.9405 337.6139 334.9269 324.5614 318.9183 310.7088 296.4851 282.0444 272.4272 270.7225 275.0895 280.7628 290.1475 301.3192 314.2354 327.7572 344.0308 363.4144 383.0268 399.4657 408.8096 408.3945 401.1371 392.2069 379.0843 365.3906 357.5654 349.412 340.0114 330.4098 320.3398 309.9883 300.6958 292.1739 278.6805 263.7851 250.111 241.7346 239.9374 235.1019 223.5718 207.5467 187.8061 165.2653 142.6291 120.4411 98.73833 79.02573
33.7539 38.81001 39.30241 38.45609 38.08792 39.30245 42.66575 48.42247 56.4552 65.61346 78.5799 95.69513 117.4819 141.6736 167.0963 194.2384 222.7807 251.9017 281.1226 308.2983 329.1065 339.6891 339.803 334.6955 325.5305 319.2207 313.9214 303.5262 291.1226 277.5768 264.0536 260.3635 262.69 270.0953 280.856 292.2542 303.8532 318.6019 335.8045 354.7012 373.5664 389.6101 401.0279 405.4428 403.1055 396.1844 381.4131 368.3215 359.4842 350.3823 340.3201 329.6819 318.5994 305.6804 298.3095 288.1576 273.6085 255.5718 237.813 225.7703 223.9145 219.5361 211.539 199.3806 181.3306 157.3554 132.0625 107.9061 86.03524 67.31921
62.55595 69.02154 69.91597 68.8297 68.62028 70.87359 75.66357 81.73352 88.78923 96.98141 108.8936 124.5279 145.1632 169.2815 195.0511 222.1155 249.1354 275.3308 300.8205 324.0863 342.0642 346.8722 339.7062 327.4158 319.1906 312.0004 303.5909 295.6244 285.425 274.5049 261.0184 255.3842 255.8889 261.6586 272.3705 281.4828 293.0137 307.5064 324.2701 342.2727 360.8582 378.9995 394.7347 403.1281 404.0261 398.1728 383.1674 370.7062 361.9382 353.9604 340.5947 327.5267 315.8555 302.323 291.9258 279.272 262.7209 243.6987 224.4287 211.0511 210.0946 203.7297 198.3094 189.8087 172.3085 148.3953 123.4781 100.4914 79.47606 60.89177
99.36538 105.4619 106.1573 104.2554 103.8681 107.2738 113.4839 120.2776 126.3492 133.2538 143.2869 156.772 175.8743 199.2251 224.9883 251.588 276.6295 299.2964 321.8251 343.752 359.9958 358.5891 346.4882 332.5323 321.2318 312.0026 301.8908 293.2021 282.435 272.0095 260.4894 254.0927 252.6446 255.5002 261.9186 270.7411 282.5693 296.8697 312.9914 330.5547 348.6071 367.8791 386.2726 399.8657 403.0766 398.5616 383.3542 369.6805 359.5342 349.0211 335.2459 320.2549 308.1873 296.2013 283.7778 269.3432 252.9137 235.9821 217.8691 205.0572 197.1774 187.5119 181.4436 173.7169 157.3989 135.3817 113.1318 92.48155 72.59068 53.89395
138.4982 143.9861 144.2777 141.592 140.5886 144.6367 152.2667 160.5884 167.4635 173.9439 182.0679 193.0843 209.0786 230.4039 255.414 280.6475 302.2628 319.8854 340.7599 361.073 377.3751 372.6722 358.7054 342.988 329.7325 318.8332 308.1743 297.8733 287.0795 276.8451 264.6055 256.5773 252.852 252.8208 256.2467 263.0752 275.235 288.1453 303.6498 322.095 341.779 362.3223 382.2531 397.8845 400.1791 397.4612 381.8574 365.7203 354.3712 341.6888 325.5377 309.1382 297.1699 284.9858 273.1417 258.2515 243.3271 230.6931 217.5496 203.1797 187.9448 174.7058 164.713 154.9569 138.8409 118.7208 98.29362 78.79005 59.97027 42.22917
176.4711 181.3475 181.7954 178.7554 177.494 181.9514 190.2446 200.5215 209.6096 216.6411 223.4495 231.641 243.5107 261.7348 284.5337 306.9594 322.7325 331.7855 352.176 368.3607 391.6677 383.9028 369.0433 353.0403 338.4943 326.369 315.2725 302.4132 292.8139 283.4291 273.6332 262.1108 255.7563 252.8365 253.8469 259.1015 267.9437 280.11 296.421 316.072 336.7743 357.6783 377.4487 393.3365 393.2527 392.863 378.0234 362.4246 350.4912 337.5311 320.1149 301.9554 286.3914 272.3628 260.0296 245.8099 233.5794 224.9008 216.3274 203.9938 183.8358 163.7202 149.1958 135.1918 117.6588 98.20743 79.60458 62.26703 46.03035 31.3252
211.9982 216.8049 217.9731 214.7812 213.6067 218.7213 227.3972 238.2259 247.7228 255.043 261.4667 267.281 275.4024 289.7209 308.9471 327.3032 336.8047 344.2471 358.4196 372.9705 385.1881 380.1249 370.251 357.9887 343.2556 331.3717 318.9874 306.1228 297.7216 288.2712 278.7014 267.8051 259.31 253.4202 251.6896 254.2286 260.61 271.5644 287.4113 307.7892 328.4971 348.731 366.8217 383.963 391.9784 383.0996 368.7971 356.7421 345.5724 332.8426 315.2768 296.7473 278.9442 264.6912 250.9062 236.3132 222.0713 213.6706 208.2208 194.2978 173.5181 151.8533 132.2415 113.4618 94.05457 75.03159 59.22561 45.81472 33.69708 20.89873
