branches/Examples/Geoscience/Grid2dTerrain/Kapiti_Arcinfo.grd
ncols         200
nrows         225
xllcorner     2667000
yllcorner     6033000
cellsize      40
NODATA_value  -9999
[rows 124 to 154 of 225, columns 70 to 139 of 200]
245.4765 251.2903 253.6436 250.6153 249.406 254.3268 261.9773 270.4661 276.4045 282.6732 288.7771 293.4771 299.4153 310.152 324.007 337.0447 341.7883 346.0822 353.602 362.6352 370.8695 367.0008 364.843 359.2366 347.835 336.9487 322.5917 307.9801 299.3593 290.8365 281.3353 271.4345 260.5456 252.9442 249.3492 249.9127 254.6391 264.1215 280.0441 298.6847 317.936 337.37 355.6069 370.5386 376.6989 369.203 359.559 348.9626 337.5038 323.4533 306.8194 291.0675 276.2225 260.9278 244.9018 227.8697 210.284 199.9048 191.7077 178.1696 156.8215 133.1917 110.1114 88.67496 68.85534 51.97322 38.75483 28.93622 19.70028 10.06456
278.5945 286.1771 290.1538 286.8906 284.8729 288.0876 292.6269 294.5148 291.2982 294.8316 299.0813 303.8874 309.7633 318.5006 327.6257 335.9958 339.255 339.1975 341.3602 345.6465 352.1989 351.5024 357.1934 359.9605 356.8101 345.7046 331.2903 316.6881 304.5737 295.0759 285.5758 275.5553 261.578 252.1762 247.1187 246.2785 249.8275 258.5372 272.6388 288.0532 304.4616 321.9932 339.6857 354.3807 360.3351 357.7266 349.8087 338.6394 326.0256 313.3152 298.7169 284.4522 272.0248 258.2557 241.1719 223.0405 203.6715 187.962 175.4258 159.0979 137.3693 111.9465 86.68301 64.36118 45.49843 31.30029 21.31055 13.71362 6.720229 -0.3505616
309.0268 319.0947 324.7124 320.6924 316.2452 315.4155 314.7534 312.7665 304.7967 300.7985 300.0721 303.5458 307.8831 313.9725 321.2394 327.8202 329.1372 326.062 326.9943 328.2987 334.1874 337.432 345.8037 356.7139 360.41 354.2929 339.19 323.9971 312.4048 299.9315 288.6653 276.9975 261.742 251.3347 245.2402 243.0103 244.4356 249.9154 261.0522 275.5522 290.5631 305.4464 321.5955 336.5283 344.5576 346.3952 338.6503 324.8435 309.966 297.7428 286.7884 276.1489 265.4857 253.7263 237.7994 221.4258 200.8971 181.3348 162.7469 141.7889 118.586 91.86946 66.10069 44.65089 27.70954 16.1007 7.804049 1.470101 -9999 -9999
329.375 341.1278 348.9914 344.1532 337.7565 332.2225 326.1284 319.5311 309.4998 300.7038 295.4003 296.1643 297.631 301.6725 309.6296 316.5448 318.1624 315.2924 314.763 313.9787 317.2672 322.2585 333.8504 347.2515 357.4892 353.2913 340.5912 325.9944 313.6932 301.8522 290.2 277.4159 261.8628 251.1895 244.4746 241.0807 240.2885 241.4632 249.5527 262.1367 276.505 290.0127 304.2451 319.9708 331.8097 336.169 326.6247 309.1113 290.76 278.2357 270.0078 260.5723 252.1351 242.2098 231.2017 215.1938 195.2235 174.2023 152.1402 127.4566 101.3065 74.39508 49.81496 30.92006 16.72322 5.77526 -2.023401 -9999 -9999 -9999
337.7194 348.9046 355.0323 352.335 345.8969 338.7918 328.457 319.3376 308.6259 297.8196 285.7227 281.2138 280.1921 284.0119 293.5527 300.457 303.655 300.7165 298.7719 298.2286 301.2929 308.5248 323.72 339.5116 348.7857 349.1158 341.4183 331.4695 319.683 305.9568 293.1023 279.083 263.7065 252.9225 245.6452 241.5359 239.9372 238.3897 241.8864 252.1908 264.4928 276.4352 289.1024 305.5141 319.7218 324.7678 314.9165 294.5703 274.2442 260.1775 249.5261 239.2722 230.7984 223.5228 215.3029 200.7112 181.8942 161.0265 138.0476 112.2335 85.53002 59.82335 37.36334 20.07854 7.291263 -2.390834 -9999 -9999 -9999 -9999
335.7481 346.3228 352.1661 351.0782 345.2857 337.817 324.7285 315.1922 304.8987 294.2967 280.1904 269.392 263.955 266.376 275.583 282.9879 289.0497 284.9697 282.4858 283.3823 290.09 301.9393 319.1683 335.3835 344.4969 347.3831 344.7099 338.8385 328.7839 315.0394 299.2824 284.123 269.635 257.4727 248.8339 243.3214 240.0277 238.073 239.838 246.6654 257.5885 265.0857 277.8894 294.8344 309.6075 315.6952 304.7304 284.6314 264.444 246.4611 231.4293 217.7036 207.7386 202.3827 195.4892 182.2525 164.5029 144.1956 121.2771 95.87005 70.19676 45.70883 25.14719 10.32174 -9999 -9999 -9999 -9999 -9999 -9999
324.9182 336.8991 344.7 345.7409 340.9671 335.7266 323.9922 313.2188 301.3116 289.5458 276.5526 262.4652 255.7546 255.7849 260.6786 266.2533 272.8224 271.2094 270.5604 273.9478 282.5244 297.1981 314.3481 328.7549 339.2146 344.8701 346.0931 343.4701 336.4041 322.2291 305.3239 290.5934 277.1243 263.9847 254.1658 247.6007 243.3599 240.0624 238.4924 240.5423 247.2033 254.4855 265.955 282.7216 298.5625 304.5962 295.1524 277.5773 258.9699 239.3479 219.4782 201.9372 188.117 182.1187 175.0494 162.9949 145.5178 124.5753 100.89 76.48743 52.60034 30.84735 14.30366 -9999 -9999 -9999 -9999 -9999 -9999 -9999
312.688 324.3445 336.0562 341.3226 340.363 339.0251 330.0294 317.3932 303.1375 290.5855 276.75 261.5676 253.3976 250.7968 251.9527 254.5986 257.767 257.5543 259.7895 266.3893 276.4905 290.1205 305.3645 318.6878 330.3289 339.2997 344.0997 344.2816 339.9581 329.2971 312.9002 297.8242 284.9866 273.5546 261.9149 254.7509 250.5637 246.2327 240.6918 238.439 240.2502 246.1159 256.9751 272.6334 288.686 295.4169 284.9122 272.2871 255.2043 235.2634 212.9957 190.9645 172.2799 162.6635 154.9936 144.1098 124.9367 102.1987 78.69578 56.22569 36.18742 18.87386 -9999 -9999 -9999 -9999 -9999 -9999 -9999 -9999
302.3317 313.139 325.8344 337.0683 339.6825 341.2021 336.2375 322.4819 308.8472 295.8939 280.801 265.5709 256.0518 250.7052 248.1564 246.6987 245.4052 243.9401 249.4835 259.7113 270.2822 281.7589 294.5928 305.5366 318.1682 329.8705 338.7039 341.916 341.3708 335.7998 320.065 304.4083 291.8303 280.723 270.9867 264.4836 261.5726 256.9544 248.0178 239.9328 237.2044 240.2255 249.7774 265.0027 280.7925 285.7053 276.9508 263.1512 246.8903 227.7414 204.7222 181.7047 161.6328 148.2713 139.92 124.0846 102.3159 79.04262 56.71964 37.62547 21.28598 7.767496 -9999 -9999 -9999 -9999 -9999 -9999 -9999 -9999
294.2734 303.9845 317.8152 330.467 338.8856 342.1214 339.1248 327.6526 315.4356 302.5963 289.4371 276.035 263.6107 254.9139 249.0453 244.1143 240.0973 238.5732 242.8707 254.8057 264.3943 273.2109 282.2328 292.3716 304.3564 318.026 329.867 337.3777 339.5105 337.6347 324.0976 311.2283 298.897 288.9953 281.6868 278.2561 275.1838 267.4374 255.3545 241.7446 235.9611 236.5378 244.7738 261.6588 277.8694 279.1697 267.5057 252.7755 235.4481 215.1728 193.3613 171.9233 151.4164 135.2899 121.556 102.2972 79.29062 56.89135 37.59684 21.62794 8.733456 -9999 -9999 -9999 -9999 -9999 -9999 -9999 -9999 -9999
286.3758 296.541 308.9789 321.6417 332.6802 339.9489 340.5888 336.2042 323.7946 311.843 299.762 287.0347 274 261.2697 253.0138 245.4752 239.8851 237.2904 239.9763 248.2425 257.5201 264.6583 271.4832 280.6876 292.7489 306.5606 320.2402 328.3379 337.5912 335.0034 325.4788 316.1795 304.2597 297.0707 292.0894 288.5363 282.6846 274.356 259.304 243.932 236.291 234.208 242.3522 258.9216 274.6726 273.6776 261.5032 243.3254 222.9916 201.5715 179.9926 159.1028 138.9727 120.6681 103.2116 81.71828 57.63577 37.62873 21.47861 8.770879 -9999 -9999 -9999 -9999 -9999 -9999 -9999 -9999 -9999 -9999
277.5126 286.5078 299.092 312.4242 324.6805 335.1486 338.3052 339.1042 329.9304 319.2942 308.2362 295.436 279.6524 265.4445 256.8571 247.1945 240.0578 236.4413 236.7609 240.9702 248.2732 255.1836 261.1549 271.2189 284.9027 301.3511 315.9922 324.0461 329.3987 327.5183 321.0709 316.2129 310.5535 305.8473 301.5678 297.2018 287.0755 276.6235 261.8528 248.0244 237.7374 230.0153 237.2132 250.9232 265.335 267.6065 257.4327 236.7853 213.6695 190.2043 167.241 145.6472 125.0797 105.3778 86.44907 63.03381 39.00522 21.91673 9.022227 -9999 -9999 -9999 -9999 -9999 -9999 -9999 -9999 -9999 -9999 -9999
265.3736 275.1839 288.8764 303.8804 317.7157 325.8816 335.8066 334.2907 329.628 321.6454 312.6517 298.6965 280.9036 264.6852 255.4838 246.8972 239.9663 235.8603 233.9985 235.0245 238.9808 243.2502 251.3828 264.2078 281.3147 298.3079 309.5966 316.4256 318.5686 317.3167 314.0715 313.876 315.0489 317.3813 310.5646 304.1958 295.2697 281.4519 265.8717 251.6561 236.8978 222.773 223.1602 237.8241 255.0855 261.4782 253.5893 233.4111 209.8521 184.0445 158.0422 133.5213 110.9943 90.7542 70.4616 47.72424 26.50574 11.50668 -9999 -9999 -9999 -9999 -9999 -9999 -9999 -9999 -9999 -9999 -9999 -9999
259.4009 265.4026 279.9454 297.5979 312.137 320.8828 326.3693 324.2073 326.0204 322.4701 314.9974 300.1301 282.2612 266.4591 256.2222 247.6587 240.5524 236.2803 231.9034 229.6554 231.0977 235.5119 244.4767 260.4123 278.8636 293.7429 299.1727 302.1086 302.8914 302.5984 302.8324 306.6212 309.5406 311.3481 308.5052 304.8974 298.154 286.37 272.013 255.768 236.2382 217.1417 209.0688 223.2642 243.3296 254.6956 245.04 224.5491 201.8923 175.6085 148.4744 123.1362 100.0208 77.85338 55.79474 35.40158 18.08267 -9999 -9999 -9999 -9999 -9999 -9999 -9999 -9999 -9999 -9999 -9999 -9999 -9999
257.2357 260.8707 272.4698 289.5399 301.4592 313.8493 319.0077 318.9655 320.2043 318.5779 310.6032 299.38 284.77 272.7683 260.1462 250.9832 244.0304 238.6777 230.6651 224.9877 225.0826 230.2634 240.6051 256.2611 273.259 283.251 284.3949 287.71 289.6087 291.3354 294.6032 299.1385 300.7811 301.4197 301.1212 301.1696 296.1215 290.5497 274.6812 255.8377 233.4532 211.9809 203.3177 213.181 232.6855 243.1047 235.2225 215.3044 190.8858 164.3808 137.6461 112.6918 89.44639 65.95992 43.72601 25.03873 10.52539 -9999 -9999 -9999 -9999 -9999 -9999 -9999 -9999 -9999 -9999 -9999 -9999 -9999
253.1141 255.454 264.526 279.8748 293.5547 303.0634 309.0557 311.0099 312.416 310.7029 305.6909 297.5029 284.5453 274.6786 263.3325 254.9311 247.2648 239.332 229.3285 220.688 220.07 225.1745 235.1735 247.6703 262.9662 272.2465 270.0559 274.5593 277.2778 280.7367 286.5373 291.7096 294.069 295.1763 296.1572 297.2495 293.0287 281.9038 266.0909 248.6039 225.9452 204.4886 195.7045 204.2563 221.2513 231.2368 221.5629 201.6866 177.317 151.8469 125.8307 100.1037 75.94201 52.88364 33.02332 17.23997 -9999 -9999 -9999 -9999 -9999 -9999 -9999 -9999 -9999 -9999 -9999 -9999 -9999 -9999
246.8086 249.0161 257.9324 270.8936 283.8152 293.7238 299.464 301.6397 303.9734 301.757 299.5348 294.472 286.8296 279.608 270.7964 261.4778 252.0143 241.5057 230.8906 220.4679 217.2036 219.4747 227.4218 239.4665 253.1112 259.7285 259.6371 261.3263 263.9563 270.4944 278.9678 284.8956 287.0233 287.5037 287.0076 284.2809 278.8034 267.9109 254.6894 236.6712 214.9824 195.0469 185.2239 195.6989 209.8727 216.0946 205.7298 186.2547 162.504 137.1893 110.8645 84.44188 60.02424 38.82191 21.57543 8.41672 -9999 -9999 -9999 -9999 -9999 -9999 -9999 -9999 -9999 -9999 -9999 -9999 -9999 -9999
240.1147 241.4058 250.0995 263.5244 278.1085 286.4887 290.3995 293.0278 296.3347 293.8222 292.3601 290.7457 287.9716 284.3518 278.8864 270.0988 258.6578 246.869 235.5815 222.4246 215.3158 211.6857 216.9192 227.8007 239.9069 247.5435 250.0623 252.7502 256.5752 262.6448 271.5305 277.5825 277.9668 277.5525 276.8925 273.7821 265.987 256.8724 243.2579 224.2641 202.7875 183.776 175.7755 186.2197 199.4786 202.1897 191.5915 171.3881 146.3701 119.6205 92.00216 65.47183 42.48329 24.08736 10.40358 -0.06835096 -9999 -9999 -9999 -9999 -9999 -9999 -9999 -9999 -9999 -9999 -9999 -9999 -9999 -9999
235.3575 236.4641 243.8609 258.1847 273.0149 279.3951 279.6659 280.7101 283.9567 282.5563 283.13 285.2941 286.7483 286.4336 283.5521 276.6453 262.858 250.7864 238.7814 225.9044 215.246 203.0796 204.1522 214.9831 227.1183 236.7352 241.1763 246.1777 252.028 259.1014 265.0701 267.0839 264.179 263.1423 264.0136 266.078 260.073 251.0417 237.511 217.088 194.6452 174.9176 165.2919 176.7775 191.3161 191.868 178.4411 155.7318 128.0104 99.31968 71.69038 46.50014 26.11836 11.45065 0.6971955 -9999 -9999 -9999 -9999 -9999 -9999 -9999 -9999 -9999 -9999 -9999 -9999 -9999 -9999 -9999
228.3617 231.6051 239.7663 250.9937 263.3889 271.5746 266.7654 266.6188 272.2157 271.9431 272.6594 277.6708 282.5259 284.722 283.9938 278.8462 265.4679 253.8689 240.9761 228.5048 215.8111 201.2172 198.0098 203.5804 215.1055 225.5753 232.9837 239.7024 246.7062 253.8708 259.1505 259.3719 256.1378 255.1729 257.0359 259.1212 254.5391 246.19 233.7397 213.6902 188.8981 166.2265 156.2298 165.1101 177.9242 177.9028 162.753 137.2747 106.9057 77.08881 50.30449 28.42935 12.58685 1.212832 -9999 -9999 -9999 -9999 -9999 -9999 -9999 -9999 -9999 -9999 -9999 -9999 -9999 -9999 -9999 -9999
220.7245 226.6351 236.2618 243.8534 253.4133 258.4747 254.916 253.9829 257.6785 259.6493 261.6733 266.0435 274.3849 278.2103 279.9364 278.5497 268.7875 257.8234 244.0925 231.726 217.4586 202.056 195.9084 196.9539 203.9115 215.2026 224.3517 231.6715 239.619 246.9509 251.4514 251.2345 248.3463 247.9024 250.2873 251.2822 246.8677 238.277 225.9825 207.6303 182.8568 158.7615 145.8341 155.8194 165.7252 163.599 146.2401 117.0554 84.34214 54.81843 31.10337 14.1776 -9999 -9999 -9999 -9999 -9999 -9999 -9999 -9999 -9999 -9999 -9999 -9999 -9999 -9999 -9999 -9999 -9999 -9999
215.7182 222.9022 236.0933 242.214 246.1967 246.755 241.775 239.5153 242.3363 246.8745 250.7011 255.3945 261.0193 264.9515 270.0248 271.9758 267.7255 259.8183 248.6292 236.5465 221.0932 205.8097 196.8924 193.3594 196.1778 204.6226 215.3813 222.2638 231.0956 239.6741 244.6227 244.3133 240.8559 240.7483 243.9746 243.7913 237.3189 226.3824 214.4552 196.3196 173.286 150.8743 140.1032 147.3462 155.3611 149.5723 127.3689 95.27752 62.13531 35.39571 16.73476 -9999 -9999 -9999 -9999 -9999 -9999 -9999 -9999 -9999 -9999 -9999 -9999 -9999 -9999 -9999 -9999 -9999 -9999 -9999
210.4576 217.9968 231.9145 238.9404 239.9847 237.7905 230.0938 225.4466 229.3816 235.499 240.2493 245.6521 250.2605 255.159 260.8787 265.2495 264.939 260.1378 251.0914 239.6611 225.9277 213.0088 199.5465 190.5924 189.5291 196.932 205.8212 213.336 222.8291 232.7965 239.1862 239.6459 236.8867 236.467 238.982 236.9271 226.7047 214.9134 200.8247 181.8605 159.5277 138.1724 127.8866 136.3456 143.8966 131.8121 105.4693 72.94408 42.64062 21.27135 6.623883 -9999 -9999 -9999 -9999 -9999 -9999 -9999 -9999 -9999 -9999 -9999 -9999 -9999 -9999 -9999 -9999 -9999 -9999 -9999
203.6205 207.0121 219.9854 232.505 235.9428 228.726 219.1692 215.502 218.5169 222.9439 229.7224 236.9995 241.2882 247.339 254.4886 260.0268 262.0096 259.47 251.2505 240.1407 226.4097 213.2152 198.3182 185.8453 181.322 187.5436 196.9029 204.9466 216.8734 226.3921 232.184 233.1958 231.0278 229.3622 230.5133 228.2186 220.0608 206.0047 189.2879 167.5414 142.8384 121.007 110.5931 118.115 123.4088 108.9547 82.44509 53.03254 28.1335 11.27853 -9999 -9999 -9999 -9999 -9999 -9999 -9999 -9999 -9999 -9999 -9999 -9999 -9999 -9999 -9999 -9999 -9999 -9999 -9999 -9999
200.0022 200.781 206.968 217.9454 223.06 216.2404 206.4631 205.7483 208.9978 213.4656 220.1745 227.9477 234.8224 241.6408 249.8649 255.4655 258.7599 255.6777 248.6412 238.5314 223.1182 207.8924 194.8061 181.8509 177.5873 180.5079 188.4573 198.3529 209.5221 219.1857 224.8819 226.4966 224.5569 221.4065 223.2355 221.7289 216.7554 201.88 181.7128 156.1493 127.7117 103.186 91.19241 96.82596 99.81839 84.99959 61.13243 36.99881 17.91918 -9999 -9999 -9999 -9999 -9999 -9999 -9999 -9999 -9999 -9999 -9999 -9999 -9999 -9999 -9999 -9999 -9999 -9999 -9999 -9999 -9999
199.6581 198.794 200.2561 205.2328 211.4142 204.5431 199.7285 199.9716 202.8898 206.2886 212.8954 221.6959 231.4506 240.1167 246.7692 248.8075 250.0575 248.6936 244.7538 236.6724 222.1998 208.6637 196.4965 182.9236 177.3063 176.1459 180.6948 189.7558 200.2865 209.9115 216.8019 219.6797 219.7621 218.7443 219.9305 218.7793 211.9963 197.9307 176.0672 146.8904 114.834 87.52687 73.27872 75.79136 75.78152 61.51213 41.42233 23.80189 9.771836 -9999 -9999 -9999 -9999 -9999 -9999 -9999 -9999 -9999 -9999 -9999 -9999 -9999 -9999 -9999 -9999 -9999 -9999 -9999 -9999 -9999
201.0289 199.9119 197.4488 198.6957 200.5322 197.7889 195.779 196.618 199.4459 200.8064 207.7672 219.0347 229.7226 238.8918 242.5899 241.0545 240.8803 240.7098 239.3062 232.3681 221.0181 209.589 198.8369 186.81 178.6565 171.6875 172.7211 179.7861 188.8787 197.1655 203.2247 208.7869 211.4159 212.4366 213.5959 212.0914 199.4148 189.6471 168.8162 138.9889 105.7455 77.23951 61.8456 57.64341 53.5275 40.83667 25.46243 13.03497 -9999 -9999 -9999 -9999 -9999 -9999 -9999 -9999 -9999 -9999 -9999 -9999 -9999 -9999 -9999 -9999 -9999 -9999 -9999 -9999 -9999 -9999
201.499 199.9023 196.9835 195.9559 195.7004 194.33 193.4015 193.8423 195.3637 197.1914 203.0283 215.5118 225.8401 234.3434 238.8843 237.6454 236.6308 235.6776 233.2455 227.1191 218.245 207.8716 198.4416 186.9904 175.9497 163.8009 162.4566 167.6609 174.4574 180.3734 188.2219 194.3616 198.2335 200.0833 200.9973 199.6056 191.4151 178.0171 157.1606 129.8912 99.39555 71.0516 51.61993 41.18363 34.68061 24.02462 13.55788 -9999 -9999 -9999 -9999 -9999 -9999 -9999 -9999 -9999 -9999 -9999 -9999 -9999 -9999 -9999 -9999 -9999 -9999 -9999 -9999 -9999 -9999 -9999
200.7385 198.7267 196.7118 195.3797 194.5709 193.6682 192.997 192.7733 193.3403 195.0576 199.8953 208.8522 218.7069 226.5558 230.7283 232.1783 232.1282 230.6874 226.7828 219.8044 210.8068 201.4672 193.65 183.5098 170.5703 156.8457 151.9668 154.2546 155.1784 157.0045 164.3083 171.6127 178.2239 181.8415 183.1601 181.5963 174.1936 159.6083 139.1371 114.4209 87.65176 61.31079 39.81489 26.23717 19.25647 11.68362 4.536717 -9999 -9999 -9999 -9999 -9999 -9999 -9999 -9999 -9999 -9999 -9999 -9999 -9999 -9999 -9999 -9999 -9999 -9999 -9999 -9999 -9999 -9999 -9999
202.8365 199.9528 197.9401 196.7851 196.1285 195.6234 195.0403 193.8366 193.3275 193.8734 196.4156 201.4095 209.5306 217.5976 221.7219 225.5939 226.6354 224.9882 219.4707 210.7935 201.1556 193.1393 187.4794 179.7087 166.7251 150.6296 143.7321 139.4975 133.8472 131.4619 137.1283 145.3177 154.6307 160.6175 162.669 160.0197 150.6805 135.1606 114.92 92.02412 68.67142 45.47325 26.51088 14.96572 8.227741 2.670168 -9999 -9999 -9999 -9999 -9999 -9999 -9999 -9999 -9999 -9999 -9999 -9999 -9999 -9999 -9999 -9999 -9999 -9999 -9999 -9999 -9999 -9999 -9999 -9999
204.5428 201.7789 200.0956 199.9588 200.044 200.24 200.0203 197.1775 195.4457 194.432 194.763 196.7875 201.21 208.1251 214.0872 219.1602 220.1781 218.2075 210.6138 200.4149 189.9217 181.6736 178.6669 174.819 163.8765 151.8022 139.7977 129.5232 119.0557 111.015 112.2508 119.3238 129.2734 137.2128 140.0421 135.5576 123.6028 106.3768 86.4807 65.97546 46.59322 28.63914 15.27983 6.361229 -9999 -9999 -9999 -9999 -9999 -9999 -9999 -9999 -9999 -9999 -9999 -9999 -9999 -9999 -9999 -9999 -9999 -9999 -9999 -9999 -9999 -9999 -9999 -9999 -9999 -9999
