branches/Examples/Geoscience/Grid2dTerrain/Kapiti_Arcinfo.grd
ncols         200
nrows         225
xllcorner     2667000
yllcorner     6033000
cellsize      40
NODATA_value  -9999
[rows 186 to 216 of 225, columns 0 to 69 of 200]
-9999 -9999 -9999 -9999 -9999 -9999 -9999 -9999 -9999 -9999 -9999 -9999 -9999 -9999 16.27646 33.48859 61.6303 91.9831 113.9857 121.1316 124.1027 121.5637 119.1088 114.1928 108.6087 101.0372 91.07907 80.07415 70.0028 61.31543 55.38672 49.39668 43.89354 40.02423 39.20208 44.00136 56.68441 72.9613 87.0629 95.79599 96.55991 96.34604 106.3505 119.9462 135.6446 149.5828 160.7101 169.3507 175.3664 180.0999 182.8893 182.7458 179.5025 173.4299 168.5118 165.405 159.4056 149.3874 134.1105 113.1552 89.23027 67.88082 58.29964 59.17758 71.23666 89.5983 109.9399 129.7901 138.0338 140.6115
-9999 -9999 -9999 -9999 -9999 -9999 -9999 -9999 -9999 -9999 -9999 -9999 -9999 -9999 13.89252 30.49258 59.03908 92.00571 118.1734 129.666 132.6041 130.9893 127.8929 121.5009 114.2672 105.6281 95.3896 82.6413 74.10474 68.21011 63.03058 58.36541 51.81731 45.7718 39.87547 39.02968 45.57867 60.03591 74.51595 82.56992 82.67979 83.79808 93.87225 108.8465 125.5636 140.67 152.3896 162.0506 171.4823 179.5868 184.4816 186.5703 185.2175 180.3886 175.6759 172.7977 167.715 158.4864 143.6162 123.2807 99.53547 75.92158 59.47298 53.35065 65.84582 87.90818 110.5956 128.7942 131.7917 134.4516
-9999 -9999 -9999 -9999 -9999 -9999 -9999 -9999 -9999 -9999 -9999 -9999 -9999 -9999 14.65735 32.79347 62.76243 97.7199 127.2118 141.2523 143.7175 141.805 138.2919 130.7432 121.0235 111.0006 99.13248 87.96854 81.15522 78.83817 75.61669 68.99957 61.23861 54.18704 42.80711 38.10117 40.10087 49.15329 61.15504 70.28566 70.56493 72.48874 81.98164 98.07295 117.1265 135.1771 148.1181 159.83 170.239 179.6628 186.5042 191.1082 192.0274 187.7906 181.8883 179.5345 174.7394 165.7034 153.1546 134.2707 111.761 87.19752 62.71687 43.9429 52.11057 73.61052 96.36729 114.7205 124.1253 122.417
-9999 -9999 -9999 -9999 -9999 -9999 -9999 -9999 -9999 -9999 -9999 -9999 -9999 -9999 18.96003 40.65102 73.12878 109.6709 140.9708 156.3102 157.8142 153.0107 146.0663 137.8337 126.5352 115.8107 101.8564 93.07729 89.17548 88.24655 84.57904 78.10634 70.01193 60.99519 50.22124 42.02429 38.73374 41.06443 48.50854 54.28412 55.71533 59.47969 71.0154 88.66581 110.4681 132.2684 149.1238 161.7906 173.1589 180.8699 188.1218 195.1339 199.179 195.1306 188.7301 183.9789 178.7355 167.9895 156.02 139.601 120.5383 98.77751 73.88927 50.45235 41.40962 55.80485 77.31364 94.86184 109.842 110.5618
-9999 -9999 -9999 -9999 -9999 -9999 -9999 -9999 -9999 -9999 -9999 -9999 -9999 10.85674 24.69535 50.26991 85.5499 123.7754 155.1914 168.2802 165.1741 158.0894 147.6086 137.9324 126.3903 116.8575 104.1006 97.86661 96.56902 97.53693 92.59911 85.35401 79.28069 71.21729 62.06781 53.38592 43.77828 39.91953 39.71685 37.56475 38.13926 45.6128 62.85428 85.82021 110.8892 134.3503 152.7041 165.664 177.7793 182.9285 187.3796 195.5525 203.3629 198.15 190.8358 184.4726 177.8866 165.4398 153.8763 141.0843 127.0371 110.4574 88.514 64.95606 47.59272 45.25835 62.35705 84.14682 101.2192 102.5406
-9999 -9999 -9999 -9999 -9999 -9999 -9999 -9999 -9999 -9999 -9999 -9999 -9999 15.65427 33.24875 62.7215 100.4417 138.9436 168.2344 177.7124 166.0123 155.5062 143.0029 132.6945 122.3304 116.9339 110.3023 104.8085 104.0089 104.8361 101.1622 96.88486 90.6454 83.76208 76.51361 66.6786 55.53142 44.67677 36.92752 24.91784 23.96748 36.77205 59.5424 87.11024 112.5822 133.8754 150.5551 164.1431 177.2786 181.277 181.4873 187.9327 194.3092 192.3927 186.7151 180.5827 174.7737 166.0789 156.6073 142.8212 130.6292 116.6988 97.63942 74.28785 52.72837 40.67634 52.27828 74.59576 93.29384 96.39622
-9999 -9999 -9999 -9999 -9999 -9999 -9999 -9999 -9999 -9999 -9999 -9999 10.67755 21.75896 43.5582 75.46894 113.8643 151.1012 177.2315 179.8953 166.306 154.0138 140.8073 130.1008 122.0521 119.981 119.3273 118.1232 117.3875 114.632 109.6102 104.9044 100.4804 96.82146 89.83608 79.962 68.19905 55.83129 42.66168 28.15517 21.67828 33.40855 58.49916 86.2951 110.4194 129.235 146.2145 160.7387 172.6218 178.8783 179.2153 181.0181 185.7534 184.9216 180.5265 175.7192 170.8901 164.4595 156.201 142.7231 131.0042 117.8408 101.5644 77.67318 53.28851 37.13908 44.64755 64.71996 82.11566 86.23607
-9999 -9999 -9999 -9999 -9999 -9999 -9999 -9999 -9999 -9999 -9999 -9999 15.23732 29.69036 54.89603 87.08852 122.8345 155.9003 177.5472 179.1046 168.7494 155.5726 141.0078 129.1355 120.6462 119.888 121.5948 122.4777 122.218 119.549 113.4308 108.5372 106.0451 104.4128 99.91843 91.02852 79.05872 65.726 51.09824 33.01305 20.06699 31.09944 55.55586 81.82028 105.3737 126.0394 145.2561 157.5524 166.3697 172.2767 177.1521 180.174 182.6107 180.3511 176.0543 170.5751 165.718 159.5166 150.7644 140.0983 129.0535 115.7619 101.0413 76.87611 50.46111 33.23561 41.00048 59.47373 74.20626 75.95996
-9999 -9999 -9999 -9999 -9999 -9999 -9999 -9999 -9999 -9999 -9999 -9999 22.01344 41.20118 67.94556 97.92686 127.8987 154.3824 172.0239 173.1481 174.6431 159.7057 142.6334 129.5269 119.7803 114.8418 118.0626 119.8023 119.7365 116.3848 110.7398 106.5177 106.6377 107.9497 106.6716 98.70341 86.53594 72.60085 56.27494 35.8801 20.39641 29.96632 53.07839 78.4869 102.3328 124.1914 143.7905 153.9015 159.8465 164.9026 175.2733 182.4287 183.0858 179.5461 172.9357 165.8842 159.5646 152.6028 143.581 135.5282 126.6098 115.6917 99.01141 74.6157 47.2813 28.92123 37.93518 53.60666 61.86675 61.15285
-9999 -9999 -9999 -9999 -9999 -9999 -9999 -9999 -9999 -9999 12.40516 17.49783 30.37102 53.94606 81.92368 106.982 128.1029 145.8067 159.944 166.5727 166.9416 156.0235 141.311 128.7712 117.1781 105.0152 107.3873 110.9095 111.9392 109.511 104.6329 100.7335 103.243 107.0109 109.077 101.4825 93.10894 78.3336 61.16308 39.29512 21.73899 28.30324 49.06758 74.2282 98.90446 121.2135 140.0681 152.5486 154.3345 160.1366 167.1987 177.6164 179.4149 174.7582 166.8413 158.304 151.0943 145.2562 137.801 129.2469 120.8689 110.9767 95.07951 71.32129 44.1195 24.14485 32.22772 43.23284 45.84232 41.25188
-9999 -9999 -9999 -9999 -9999 -9999 -9999 -9999 -9999 13.39954 16.12618 22.93828 39.94842 65.62951 92.31049 109.7195 124.2385 134.9349 143.8464 149.7391 153.0622 145.0463 136.2705 127.18 116.5051 102.2244 99.87872 102.5514 104.1076 103.3253 100.3099 98.78841 98.05202 100.2553 100.9061 96.78075 89.05876 78.35944 66.54845 45.31011 25.17792 23.20102 40.19701 65.58855 91.78685 114.3187 130.8804 141.1829 145.8081 156.2268 162.9271 169.4206 170.541 165.8861 156.7284 146.0995 139.8312 134.7526 126.5096 117.8301 111.2085 103.0347 88.13985 66.31532 42.18982 24.0752 23.03 31.14501 28.95417 27.40376
-9999 -9999 -9999 -9999 -9999 -9999 -9999 -9999 -9999 15.10818 19.29083 27.09468 45.25554 71.08076 95.82756 107.8677 118.7622 123.8952 130.1834 135.1211 138.0139 133.929 130.1165 125.2559 116.6456 101.2711 93.39454 94.97931 97.16939 99.15073 99.17792 96.6302 87.71344 92.78371 89.88641 84.08735 79.68744 77.0357 67.83055 51.84345 32.79601 23.7717 29.84911 52.70176 80.11375 103.3242 119.8875 130.8975 139.0928 149.2803 156.5402 160.6657 160.2509 154.9484 143.7272 133.1419 125.5602 118.6311 109.4477 99.34869 96.2855 91.68509 78.48692 60.00367 39.95443 22.75393 18.23624 20.32452 19.93168 19.74007
-9999 -9999 -9999 -9999 -9999 -9999 -9999 -9999 -9999 -9999 18.12444 25.80737 44.81906 69.46495 93.1207 108.8931 113.8944 115.9207 118.4298 121.6914 124.6502 122.8432 123.9516 123.3073 116.6008 99.66892 84.97954 82.79167 88.95326 94.5519 96.60048 90.5167 82.55431 80.98624 77.69751 71.2011 66.36929 67.89487 64.63119 54.52289 40.23381 26.11928 24.16531 42.52597 68.89494 92.38029 108.7728 120.403 130.3892 140.8559 149.7149 154.4023 150.3991 142.8015 131.5293 119.8964 110.8404 101.4034 88.82111 77.96545 76.40096 74.26601 64.33087 49.83649 33.05892 20.33236 15.08397 14.67714 15.02065 -9999
-9999 -9999 -9999 -9999 -9999 -9999 -9999 -9999 -9999 -9999 -9999 22.6284 36.51904 57.09334 78.64461 94.96456 101.8203 104.9741 105.5954 110.3077 115.6432 117.3553 120.362 122.4525 117.1647 100.8444 86.29965 80.04758 83.15675 89.77236 93.79751 83.76965 75.43062 70.46197 66.52946 61.907 60.96618 60.07845 58.00206 53.42706 45.53664 28.1906 24.01339 36.38146 60.05415 81.50584 97.82082 109.8481 120.6043 131.6227 140.8667 142.4544 141.0078 135.7125 123.4518 109.9754 99.83064 86.75888 72.85741 62.95131 57.90063 55.96593 48.65551 35.67178 24.69129 16.42701 -9999 -9999 -9999 -9999
-9999 -9999 -9999 -9999 -9999 -9999 -9999 -9999 -9999 -9999 -9999 17.79278 26.56332 40.30101 58.88666 75.27978 86.03215 93.11198 95.1945 98.6433 103.6425 110.5926 118.5597 121.7118 116.5645 102.0445 89.86279 81.66318 78.94211 81.73667 81.62497 74.64189 66.85317 60.74595 58.11298 56.67676 56.08804 49.89007 44.24874 43.09372 37.69497 23.7434 21.29668 30.94417 51.40302 71.32449 87.23293 100.3024 112.4656 125.1088 138.2428 141.094 140.4245 135.155 122.8725 110.6119 96.83537 82.60312 69.63945 55.57769 47.01669 41.30983 32.53906 24.197 17.34336 12.44829 -9999 -9999 -9999 -9999
-9999 -9999 -9999 -9999 -9999 -9999 -9999 -9999 -9999 -9999 -9999 -9999 17.52544 25.56911 39.33308 53.65911 66.34611 75.83446 81.5341 84.98865 91.65016 100.2268 110.5071 116.5518 111.0733 101.7219 94.08827 85.64923 79.87959 77.71969 74.14142 66.71159 58.77863 51.57776 49.43561 48.37027 44.64819 36.23695 27.96807 27.02604 28.40933 20.30072 17.99981 24.4429 41.7952 60.30016 78.61813 94.47321 108.825 123.9171 137.726 139.8487 137.8783 127.1347 115.2527 101.3064 87.71817 74.51145 61.58492 49.6878 36.97514 26.80152 20.41503 15.37899 -9999 -9999 -9999 -9999 -9999 -9999
-9999 -9999 -9999 -9999 -9999 -9999 -9999 -9999 -9999 -9999 -9999 -9999 -9999 15.68521 23.53477 34.26392 45.14932 57.07767 67.01752 72.27418 78.93427 86.77111 97.80968 104.6055 102.5603 101.5831 98.38841 89.29818 81.12865 77.08672 71.43141 61.83472 52.05103 42.61489 40.00232 37.5564 33.12041 24.29448 20.07025 19.51632 19.99297 16.8537 15.69452 21.12886 36.23778 52.93667 74.88839 96.2969 114.0522 126.7825 136.4507 138.4773 130.799 116.9151 101.1667 85.4603 71.82825 58.25108 46.4257 35.97215 24.49507 16.85483 -9999 -9999 -9999 -9999 -9999 -9999 -9999 -9999
-9999 -9999 -9999 -9999 -9999 -9999 -9999 -9999 -9999 -9999 -9999 -9999 -9999 -9999 13.57256 19.66544 26.75604 37.31512 47.75437 56.83306 65.33445 74.19612 84.46327 93.90033 95.98864 99.09816 96.70753 90.33468 84.40759 80.06527 74.21929 63.87235 52.12827 41.51411 35.44085 29.35602 22.37309 19.05981 17.97305 16.99098 16.10968 15.13681 14.25306 18.37318 30.03297 50.94352 75.8903 98.68546 116.2748 125.9983 130.8579 128.7059 117.6247 100.8729 82.9039 66.07267 50.97639 37.73564 27.75249 20.99095 14.46741 -9999 -9999 -9999 -9999 -9999 -9999 -9999 -9999 -9999
-9999 -9999 -9999 -9999 -9999 -9999 -9999 -9999 -9999 -9999 -9999 -9999 -9999 -9999 -9999 -9999 -9999 21.34064 29.74644 41.6463 52.19366 61.67146 71.8046 80.47617 84.9416 90.77874 91.10639 87.63809 85.24863 82.59921 78.11315 67.63866 56.28812 43.18195 35.54348 27.38898 20.38659 19.9867 19.93217 17.43186 15.25709 13.89872 13.91434 18.49855 30.46653 52.68998 77.62333 99.03208 113.6826 120.621 121.6208 115.1294 99.98046 81.36744 62.91184 46.13113 31.36184 21.88141 15.26663 10.98591 -9999 -9999 -9999 -9999 -9999 -9999 -9999 -9999 -9999 -9999
-9999 -9999 -9999 -9999 -9999 -9999 -9999 -9999 -9999 -9999 -9999 -9999 -9999 -9999 -9999 -9999 -9999 -9999 17.83834 27.05381 39.53906 49.69791 60.00594 69.47263 77.14328 83.24258 84.07549 81.06918 82.11067 79.92152 74.38945 65.03494 55.07175 44.13781 37.04585 28.21799 22.20947 20.68536 19.99147 17.79746 15.50769 14.07953 14.88106 20.76951 35.43441 56.24118 78.39368 96.9952 108.6094 113.4937 111.3962 98.15601 79.33479 60.24582 42.89969 27.9329 17.73378 -9999 -9999 -9999 -9999 -9999 -9999 -9999 -9999 -9999 -9999 -9999 -9999 -9999
-9999 -9999 -9999 -9999 -9999 -9999 -9999 -9999 -9999 -9999 -9999 -9999 -9999 -9999 -9999 -9999 -9999 -9999 -9999 16.60806 25.5055 36.632 47.48552 57.11968 65.18262 73.86278 75.54945 71.94418 75.969 72.18082 64.81294 54.31338 43.14719 35.9961 30.2062 25.47445 22.28939 20.97405 20.00571 18.51595 16.54083 15.03755 15.78086 21.39092 35.61892 54.57087 74.25964 89.80988 99.11931 101.572 94.65854 77.29967 56.73454 39.51992 25.3269 15.34906 -9999 -9999 -9999 -9999 -9999 -9999 -9999 -9999 -9999 -9999 -9999 -9999 -9999 -9999
-9999 -9999 -9999 -9999 -9999 -9999 -9999 -9999 -9999 -9999 -9999 -9999 -9999 -9999 -9999 -9999 -9999 -9999 -9999 -9999 15.88201 24.01541 34.54544 42.83788 51.22202 58.7408 61.87189 61.85646 63.90598 58.92132 50.50278 37.86386 27.30854 22.50303 20.86857 21.39507 21.44222 21.29397 20.87127 19.98933 18.26278 16.31304 16.19094 20.06217 29.92795 45.86446 64.01337 78.71048 86.08147 88.38551 76.02651 55.99679 36.18805 22.80752 13.59241 -9999 -9999 -9999 -9999 -9999 -9999 -9999 -9999 -9999 -9999 -9999 -9999 -9999 -9999 -9999
-9999 -9999 -9999 -9999 -9999 -9999 -9999 -9999 -9999 -9999 -9999 -9999 -9999 -9999 -9999 -9999 -9999 -9999 -9999 -9999 -9999 15.13337 22.13184 29.73402 37.06447 43.68493 49.65998 51.6657 51.50192 42.77579 34.05835 25.55264 18.98809 16.59306 17.46 19.99476 21.29914 21.69189 21.63635 21.18813 19.95462 17.32373 16.05093 17.8768 24.22202 35.93225 53.88246 67.12517 72.82722 71.21799 56.77171 38.80413 22.9687 13.13624 -9999 -9999 -9999 -9999 -9999 -9999 -9999 -9999 -9999 -9999 -9999 -9999 -9999 -9999 -9999 -9999
-9999 -9999 -9999 -9999 -9999 -9999 -9999 -9999 -9999 -9999 -9999 -9999 -9999 -9999 -9999 -9999 -9999 -9999 -9999 -9999 -9999 -9999 -9999 19.3017 24.00652 31.45846 38.60345 39.62782 36.19847 27.36062 21.84578 -9999 -9999 13.8406 16.23285 19.88227 21.29816 21.52608 21.49695 21.23261 19.9747 17.26963 -9999 -9999 19.37067 27.36675 43.52878 54.92493 57.71249 52.86232 39.51877 25.11208 14.65021 -9999 -9999 -9999 -9999 -9999 -9999 -9999 -9999 -9999 -9999 -9999 -9999 -9999 -9999 -9999 -9999 -9999
-9999 -9999 -9999 -9999 -9999 -9999 -9999 -9999 -9999 -9999 -9999 -9999 -9999 -9999 -9999 -9999 -9999 -9999 -9999 -9999 -9999 -9999 -9999 -9999 16.29026 21.96681 28.77271 28.2002 23.24911 18.19995 14.65984 -9999 -9999 -9999 -9999 17.92248 19.94424 20.01469 20.01292 19.97785 18.5575 16.27664 -9999 -9999 16.99684 23.34352 36.20526 40.6104 41.1746 34.58783 24.71413 -9999 -9999 -9999 -9999 -9999 -9999 -9999 -9999 -9999 -9999 -9999 -9999 -9999 -9999 -9999 -9999 -9999 -9999 -9999
-9999 -9999 -9999 -9999 -9999 -9999 -9999 -9999 -9999 -9999 -9999 -9999 -9999 -9999 -9999 -9999 -9999 -9999 -9999 -9999 -9999 -9999 -9999 -9999 11.30302 15.62058 19.8819 19.84334 16.61548 13.27615 -9999 -9999 -9999 -9999 -9999 -9999 -9999 -9999 17.54511 17.39126 16.31933 -9999 -9999 -9999 15.21296 19.26199 22.88574 24.03282 23.88455 21.19494 -9999 -9999 -9999 -9999 -9999 -9999 -9999 -9999 -9999 -9999 -9999 -9999 -9999 -9999 -9999 -9999 -9999 -9999 -9999 -9999
-9999 -9999 -9999 -9999 -9999 -9999 -9999 -9999 -9999 -9999 -9999 -9999 -9999 -9999 -9999 -9999 -9999 -9999 -9999 -9999 -9999 -9999 -9999 -9999 7.609278 10.62015 13.26057 13.66298 -9999 -9999 -9999 -9999 -9999 -9999 -9999 -9999 -9999 -9999 14.22148 14.18265 13.55935 -9999 -9999 -9999 -9999 14.28116 15.30795 15.41055 15.04748 -9999 -9999 -9999 -9999 -9999 -9999 -9999 -9999 -9999 -9999 -9999 -9999 -9999 -9999 -9999 -9999 -9999 -9999 -9999 -9999 -9999
-9999 -9999 -9999 -9999 -9999 -9999 -9999 -9999 -9999 -9999 -9999 -9999 -9999 -9999 -9999 -9999 -9999 -9999 -9999 -9999 -9999 -9999 -9999 -9999 -9999 -9999 -9999 -9999 -9999 -9999 -9999 -9999 -9999 -9999 -9999 -9999 -9999 -9999 -9999 -9999 -9999 -9999 -9999 -9999 -9999 -9999 -9999 -9999 -9999 -9999 -9999 -9999 -9999 -9999 -9999 -9999 -9999 -9999 -9999 -9999 -9999 -9999 -9999 -9999 -9999 -9999 -9999 -9999 -9999 -9999
-9999 -9999 -9999 -9999 -9999 -9999 -9999 -9999 -9999 -9999 -9999 -9999 -9999 -9999 -9999 -9999 -9999 -9999 -9999 -9999 -9999 -9999 -9999 -9999 -9999 -9999 -9999 -9999 -9999 -9999 -9999 -9999 -9999 -9999 -9999 -9999 -9999 -9999 -9999 -9999 -9999 -9999 -9999 -9999 -9999 -9999 -9999 -9999 -9999 -9999 -9999 -9999 -9999 -9999 -9999 -9999 -9999 -9999 -9999 -9999 -9999 -9999 -9999 -9999 -9999 -9999 -9999 -9999 -9999 -9999
-9999 -9999 -9999 -9999 -9999 -9999 -9999 -9999 -9999 -9999 -9999 -9999 -9999 -9999 -9999 -9999 -9999 -9999 -9999 -9999 -9999 -9999 -9999 -9999 -9999 -9999 -9999 -9999 -9999 -9999 -9999 -9999 -9999 -9999 -9999 -9999 -9999 -9999 -9999 -9999 -9999 -9999 -9999 -9999 -9999 -9999 -9999 -9999 -9999 -9999 -9999 -9999 -9999 -9999 -9999 -9999 -9999 -9999 -9999 -9999 -9999 -9999 -9999 -9999 -9999 -9999 -9999 -9999 -9999 -9999
-9999 -9999 -9999 -9999 -9999 -9999 -9999 -9999 -9999 -9999 -9999 -9999 -9999 -9999 -9999 -9999 -9999 -9999 -9999 -9999 -9999 -9999 -9999 -9999 -9999 -9999 -9999 -9999 -9999 -9999 -9999 -9999 -9999 -9999 -9999 -9999 -9999 -9999 -9999 -9999 -9999 -9999 -9999 -9999 -9999 -9999 -9999 -9999 -9999 -9999 -9999 -9999 -9999 -9999 -9999 -9999 -9999 -9999 -9999 -9999 -9999 -9999 -9999 -9999 -9999 -9999 -9999 -9999 -9999 -9999
