branches/Examples/Geoscience/SurferView/data/ascii_gravity.grd
DSAA
96 100
291900.002 302940
9896300.065 9907850.06
87.291772796992 375.83583417862
[rows 63 to 83 of 100, columns 0 to 46 of 96]
157.43767564923 157.74388699237 156.71984390282 156.22005551486 155.88043859903 155.68603109636 155.25739302078 155.21728806386 155.16858712854 155.50605065456 155.3044965204 155.67520717485 156.18321952204 156.02740842499 156.53579465982 155.89165999107 155.22713872846 154.60615545566 154.14538603063 154.06948963655 154.60726401093 155.42115119875 155.55194201743 150.53046710196 147.05434044401 145.55728911337 144.25910446146 143.75693405118 143.96522149925 144.19714797465 144.6515651138 144.92601622219 145.71768400687 147.37512580793 150.04009063923 153.58996439701 156.70290050542 160.44401813988 164.69713570838 168.95009600404 174.65946779186 178.87165806305 183.57494005845 187.11959478971 190.76382507447 193.33295034422 195.85455080435
157.35324587775 157.40273071735 156.84247620827 156.2799209762 155.87666718636 155.45493482152 155.04907302308 155.26836479821 155.05988724265 155.53057005696 155.916117372 155.80126009002 156.4181912765 156.83519511025 157.04713582182 156.887138829 156.55332835694 156.26792990369 155.82423541879 155.73134413102 155.95486854945 155.82612522456 154.48652930919 151.14516270247 148.53807238738 147.38181764128 145.61847689508 144.62366304632 145.50214908381 146.31022483872 146.08528352049 145.66112438756 145.85591172927 147.16657487014 149.75358393204 153.2172253173 156.63937860141 161.18286065782 164.51566523744 168.61265111923 172.81021383356 176.76589735863 180.95898404703 184.3558970555 188.29819419866 191.26847048574 193.98304144648
156.91711688296 156.76902570717 156.39842725571 156.06816695442 155.71421981788 155.60518428899 155.73905543686 155.76536520527 156.31077110618 155.53772746995 156.17038224303 156.81754876655 157.1871241669 157.74236374847 158.24593810669 158.51508254115 158.33425293097 158.18008115083 157.79176806207 157.59236000708 157.26257774752 156.64312253243 155.29977697456 153.03618438858 151.0968570823 149.61859998031 147.90416920717 146.90639338658 149.10281439065 149.57384586109 148.45325231984 146.94509273312 146.18999180549 147.20812926149 149.76636204617 153.33519583465 157.6131958789 161.63791334836 165.32190185959 168.62401200608 171.67171206775 174.86535808563 178.66963209077 182.19550260888 186.44721999695 189.5788623682 192.66032103768
156.91951212164 156.41430780776 155.86167785222 155.55419291973 155.26108547547 155.39045291778 155.49925753065 156.12154055342 156.48601592886 157.62894880079 156.72059955364 159.7355698487 158.32173491405 159.17201411393 159.7849085439 160.0843409837 160.06885486428 160.07932634292 159.82897068768 159.5920296279 158.88549294581 158.02197648327 156.87425204014 155.32843347982 154.12107980845 152.90254063114 152.10341050022 152.80798973988 153.12832725361 153.45982467913 151.95961717012 149.01295642205 146.91204638839 147.88539804308 150.58926097504 154.89180526969 159.72988029009 164.00529834719 167.10590201753 169.30690279959 171.50037024448 174.28365152251 177.28624729116 180.47530850039 184.74781615641 188.33355775412 191.9414294299
156.14303398064 155.69145547259 155.16733232001 154.88606236161 154.85163694917 154.79828636568 155.17483304075 155.74845828471 156.46710297627 157.75912465359 159.17746410444 161.06722031381 162.04233504598 163.38818113174 161.60121435175 162.20370693744 162.21165575305 162.27238455212 162.06497973611 161.80308783479 160.95602891755 160.23469648431 159.18367939859 157.91459780821 157.13626259269 156.7026598254 158.37188856767 158.60576155024 158.85995732251 158.54734226083 156.90816958215 153.43233919512 150.72010478358 151.11725094421 153.20028615689 157.86642611283 164.04013740727 168.3467991371 170.04650777411 170.69787466227 172.19561201877 174.35171372804 177.00848345568 180.21137590733 183.56342605667 187.64563898196 191.24098546115
154.83130901683 154.85554319105 154.47349358757 154.125352593 154.03912731029 154.0637418228 154.45505751922 155.277709626 156.38270375291 157.91772877429 160.15503841308 162.16060514426 164.09595989171 165.67059110201 166.87215050967 167.72429867058 168.22949023982 164.59320324103 167.96898128494 164.15400390355 163.16242118922 162.53651267372 161.85218534948 161.12587325202 160.9064472811 163.91488053704 164.12171459158 164.84368674361 165.5602252818 165.6788408141 164.53988515895 162.59917024644 160.766750745 160.2367472283 161.18284325174 164.16610811501 171.39208769186 175.53362053694 174.20521308758 173.31665294336 173.56910051154 175.0367965891 177.58440485803 180.41794717456 183.72696018895 187.418326091 191.44985013481
155.30134155315 154.65985789865 153.8274541118 153.27752002386 153.12997461617 153.21568318915 153.60288322109 154.42235189349 155.71677461169 157.82962211332 160.67753730937 163.48322006866 165.73494340484 167.70614644398 169.12566188942 170.26540813274 170.83236094787 170.92985131992 171.2451092794 167.15304030978 169.4461209945 165.87719696297 165.03052416761 164.45020142638 168.35140398678 168.90462535563 170.06355546772 171.84537478238 173.5808240286 174.60872847098 174.55074370051 173.58087276842 172.55981723135 172.08112604549 172.53780901326 175.28288084739 179.63591280931 181.66627972761 178.99481315985 176.89891986711 175.96781559707 177.08851042331 179.13175351962 181.99782294045 185.01947024523 188.38445739825 192.1488630721
155.66860359867 154.51771239324 153.13452130857 152.41006168391 152.20603394478 152.29956791285 152.52362314841 153.26461218232 154.86984427115 157.60679193144 161.27072278038 164.81009646151 167.98217493433 169.72310852476 171.5557208233 173.10718247336 173.89965735252 174.00241797113 174.35371200904 174.68374512211 174.25999994648 173.48227321495 172.65994712744 172.0253899816 171.90519376111 173.57915449595 176.13555289126 179.71610049361 182.71463164374 185.20579383136 186.17157871415 185.92455715423 185.28573649543 184.7248216553 184.50925172258 185.88020025308 187.77918851017 188.23672943638 186.54360009458 184.07840368894 182.04942657544 181.48252647526 182.75510557636 185.4823717669 187.88544202042 190.45513321973 193.8433764936
155.3648485831 154.09312330405 152.36873876177 151.76066258704 151.56323727873 151.66331145677 151.53571382693 151.62920747783 153.20811456679 156.79172619143 161.75747211062 166.67115643572 169.90755158416 171.96975194826 174.37012787172 175.67973726762 176.56539652135 177.51412912053 177.97992277142 178.27392515237 178.04817584854 177.11582932855 175.93601232357 174.94522031937 175.21033344839 177.6914772868 182.23006346457 187.79104899461 193.23188566038 197.19022910515 199.287737075 199.38166023198 198.498457934 197.12177234599 196.35539297584 196.73013579372 197.3309058399 197.39606733401 196.31533416027 194.68887752347 192.829345466 191.28738384813 191.19563961572 192.20406883346 193.14165602251 194.32843315153 196.71410775667
156.0434296491 155.35528611872 153.56358391685 152.36462588629 151.70975729333 151.61178614713 150.98741266977 149.67168201327 151.22993334013 155.14153443871 162.4917435534 169.22696322939 171.6882741169 174.07058207289 176.64662858364 178.35543118695 179.13458949191 179.9402658291 180.94106856188 181.8809160502 182.05072908773 180.75201059634 178.69045555287 176.44393534637 176.28651075142 179.76882400222 187.28418979837 196.41906723996 204.53666177387 210.58269689845 213.36666621035 213.3094942896 211.470867884 209.49744466892 208.15984053891 207.59893618658 208.04817899411 208.30022178032 207.94344011381 207.07076458643 205.61541007073 204.15703445727 203.20652739117 202.47841948679 201.91858339542 201.75560774098 202.23874990166
157.08851035968 157.93638287998 155.69957176595 153.77541923032 152.51133728554 151.76062867757 150.79789361687 149.94228131429 151.23517171326 154.52633932174 163.27896697144 172.05538937524 171.66481895324 174.49605773371 178.70075382606 179.81563435582 180.38163546314 181.13935742932 182.84262579396 185.24816377362 186.08399368887 184.72511105228 181.36015612256 176.92539185795 174.60119138815 179.79517022118 191.98347282674 205.92912122045 218.0519155132 226.2245879095 229.23344346219 227.9260607924 224.320253352 220.7807499236 218.65777982965 217.98952496703 218.76589564011 220.02629808486 220.86287877267 220.86356095454 219.94791148577 218.47783524584 216.57151195203 214.85922318763 213.37052189341 212.32683795508 212.17810650271
157.51875560808 157.69652871271 156.42045442851 154.62258729038 153.20695116795 152.26008946974 151.58571879325 151.62978361833 152.95144726484 156.6156482314 162.66061529637 168.1998104329 171.02069726986 174.01808763246 177.50782337222 179.22945814017 180.23929550107 181.24099735523 183.44917812718 188.27813487148 189.77808923626 188.68780356093 184.30447712341 176.85782689587 168.19447303406 175.41689887316 196.09725377531 215.90602999942 232.53306653002 244.0272717653 247.12088364248 242.56942697676 235.78297738473 230.28257155794 227.49871677197 227.68505599311 229.91319462345 232.41597784446 234.58269791307 235.65738727186 235.43156554467 233.79129899472 231.270073043 228.38946257201 226.04258245052 224.38501772615 224.03512292523
156.87530227863 157.02841243925 156.17600672817 154.76276759483 153.5614551266 152.73526159817 152.37568541215 152.68374003622 154.39401241308 156.98494156648 161.15106358097 165.41759939209 168.84317258419 171.94823618497 174.871620461 177.0915155892 178.82301306528 180.64845256855 183.518734654 187.31421943225 189.22196993295 188.88525071567 185.15310995596 177.40239840499 159.75953514683 171.23688886124 204.13292406877 226.05527805179 246.71990331832 263.54634933838 266.01653694721 255.06269426224 244.14880276748 236.50887281472 233.4531153445 235.15609694663 240.1021335679 245.2364387754 249.22417322898 251.58492375175 251.85016428974 249.80699444133 246.1972234595 242.28047590153 238.81303942779 236.7969517106 236.25860057158
155.57472795373 155.52754873444 155.22183756599 154.49380991304 153.66171164456 152.9502985802 152.7269361554 153.29512985835 154.73806413534 156.10288740736 159.09134073428 162.26457692141 165.42052809244 168.45493238429 171.21455280452 173.74255600711 176.14605269402 178.63701583832 181.49506596493 184.30840779049 186.01855322531 185.8159975955 183.19074174928 177.69143833508 172.87385067967 184.04137143669 208.68483237476 232.11426669413 254.62623751508 276.5577177184 278.69613406336 260.48947124843 248.17587784525 239.12423933337 236.50506445422 240.61223614798 250.13385196542 257.7762393694 263.45794109583 267.90696257224 269.14130530912 266.16584101404 260.68871397217 255.18391908206 251.06941265445 248.70693127882 247.90177705068
154.43232103344 154.47579528103 154.46884783523 154.06461610873 153.46611832647 153.03089071348 152.92924122102 153.08520381118 154.05109379849 155.11144051119 157.32129779911 159.86385013701 161.80336274595 164.74890576042 167.40650718531 170.08985030445 172.78939108079 175.30462830779 178.07197201912 180.42872084765 182.33405921367 183.1594267075 182.78385567189 182.11398853666 184.7015445237 195.64084393622 213.54415150079 233.64885547013 252.93512800271 267.97983883849 270.41191419372 261.06243543607 250.94112409541 242.89158720231 240.22090318511 245.750411334 261.67527516834 269.4930058741 275.75633463917 283.70052852759 286.86570255211 281.62086027772 273.52042476539 265.91036607428 261.33117391997 259.32919319073 258.6768849259
153.67172370847 154.18057245779 154.09215415899 153.67416711103 153.16392690355 152.73253015925 152.32480521723 152.36783104583 152.98975462775 153.47756455338 154.75339036245 156.54336389436 158.78206891701 161.4096712476 162.94719916864 165.72360533119 169.68296815405 171.46353111996 174.30510790783 176.71427272426 179.15086276159 181.60722691718 183.62401985186 186.37516583455 191.95678960439 202.05439604723 216.29375219142 232.27479759561 247.32689011515 258.27120503501 261.88123675746 258.88090221863 253.6321494036 249.6962666332 249.62014141565 255.88205078594 267.27700758673 276.51439266576 284.67808974307 295.42407664104 302.01126155697 293.19031889529 283.07343173449 272.83109208647 269.31609675662 268.45997545006 268.27692026143
155.44612772478 154.66438473363 153.92812087652 153.3346754957 152.67383356819 151.96070747598 151.58103784052 151.19405550522 151.09160020131 151.218618769 151.66624065619 153.06543854839 154.90072667866 156.79727482292 158.40372824089 162.22538733088 165.50176714374 167.06451001458 171.07309219953 173.880893613 177.08585617766 179.93269135458 183.63461522189 188.35373075926 195.56304566501 205.14208229132 216.79497078759 229.74048557615 241.51563436487 250.47866691179 255.24576979446 255.85926836243 254.98349920542 254.69081938235 257.10180532535 262.89464036437 271.44753396375 280.15434308719 288.70395163751 296.75704795226 300.26620009942 296.2095843619 288.20195255561 279.75803333998 276.70900671819 276.27256234775 276.47222688645
155.08903421816 154.27042665387 153.48436552948 152.81663836502 151.88315283204 151.12047654637 150.45207339002 149.38373535518 149.24328535093 148.88494670026 148.87961905386 149.71946933522 150.95128679302 153.24366486763 154.87765480262 157.99965327857 161.05335978607 163.8093268802 167.06543941456 170.47936456415 174.42318910057 178.25022568264 183.49466873288 189.64341581605 196.41890413526 205.49727712504 215.73964806705 226.69892998943 236.51454367923 244.46467238382 249.89252233776 253.00116364246 255.01699224281 257.33901740641 261.2876244025 267.01012131498 274.3094078463 281.83465583737 289.0642128119 294.75207930505 297.23423365867 295.50395439159 290.90212793582 285.98277454316 283.017179687 281.85183655772 281.35478319458
153.0101932919 152.98631372432 152.75335937996 152.07391720948 151.14562429475 150.13600440938 148.87348260059 147.68763417593 146.51338392159 145.78522830683 145.15599389643 145.6267429188 146.71235860997 148.58263806116 150.44099401608 153.14221506468 155.9423631703 159.15488521914 162.68148034734 166.73883036248 171.94049249052 176.80357237273 182.45945602727 188.90517886534 195.72098256306 204.69271900919 213.53868607348 222.84094719821 231.95298407484 239.49595472116 245.53380601536 250.03470814414 254.021739052 258.08173323177 263.07352922212 268.82847906847 275.4498021301 281.88695269393 287.88758142159 292.35150841963 294.69189670713 294.42249032183 292.16622906511 289.40787460892 287.1503454501 285.71361120747 284.72728948376
152.49877996234 152.33290109138 152.19391380953 151.50233434454 150.41029454915 148.91028182975 147.40069822541 145.35079200366 143.99100216026 142.64687695484 141.58979769317 141.59057463274 141.84618984316 143.48614116064 145.3288183624 147.88680733024 151.00328764967 154.29243612696 158.80519433926 163.39653380012 168.82206869595 173.91297431151 180.24077481702 187.07320231814 194.2861002506 202.52917334815 211.04282177554 219.16393535687 227.74262220164 234.73058089236 241.57806364618 247.58008059124 252.24035480292 257.27213498791 263.13331927233 268.9290510475 275.24035265941 280.9201131021 286.12915887931 290.00103015144 292.49049440294 293.23832036733 292.50205187518 291.18556292982 289.69935369499 288.47526627966 287.50369847584
152.40513151455 152.27412936753 151.91384082293 151.08918387321 149.63701998271 147.98477134153 145.7141367216 143.13762372368 141.00967122701 138.9516840771 137.49062825074 137.20654814686 137.17405205621 138.60883588081 139.68091345245 142.46610633407 145.49676143582 149.56542199822 154.62768093785 159.47171338057 165.13944577272 170.65485235264 177.42588441203 184.13174260445 191.65880132374 199.65793681875 207.70106604398 215.36451635827 223.68930164171 230.56834148068 238.54326644952 244.47567732947 249.86439471786 255.61355587501 261.78900251236 267.92624296174 274.02174455771 279.28926780707 284.10963459987 287.74766586004 290.49062360582 291.98801288878 292.27831665777 291.99576302029 291.19042535395 290.4109819704 289.53390550907
