branches/Examples/Geoscience/SurferView/data/ascii_gravity.grd
DSAA
96 100
291900.002 302940
9896300.065 9907850.06
87.291772796992 375.83583417862
[rows 42 to 62 of 100, columns 0 to 46 of 96]
151.22251898742 151.51287602242 151.63381462875 151.81939051659 151.77537356789 151.50683216451 150.45696759921 150.14780698046 151.26703048743 152.15439074395 153.06990448208 154.21691758366 156.24502382369 159.56887652017 164.02205368928 169.98946953096 176.73858136879 182.65936641501 186.62286151627 189.25246009913 191.210918177 193.04158666211 195.04721051895 197.28088516902 200.07172013794 203.68789624941 208.26980946911 212.8917206384 217.32961826352 221.90912477804 226.5087063089 229.12836768196 227.8350757085 221.72732240028 212.62912697389 204.76643901812 197.58985283328 187.87901663801 183.95583627879 186.35771263229 189.79190659293 193.6090175659 197.85543864438 202.6589840732 208.77174113958 215.66514472395 222.72897879024
151.4877687153 151.69820651273 151.85301754484 152.25618100619 152.01480155659 151.45130062365 150.83426823663 150.63452424381 151.07757354862 151.77125897524 152.30917244311 152.52538676237 153.5795416277 155.6346729697 158.68972879821 164.59733365062 172.86954622504 178.6705900165 181.42483790125 183.34309148376 185.07740303207 186.92542849672 188.84616058886 191.07254160171 193.84339718688 197.02357059807 200.67162353113 204.6890308396 208.50510972558 212.15789816207 215.04326562451 216.23234688727 214.52319147297 210.02217926052 203.51632659918 196.48870930373 188.99313503023 180.92309245874 177.64298170187 179.90209320531 183.97580690189 188.15466488197 192.1356832294 196.68989316011 203.02512310657 211.28149935957 219.70196263467
151.78348052099 151.88420125723 152.23767381542 152.52925042178 152.83231184002 151.76749944693 151.07900633693 150.73416525987 150.75326908428 150.90850447595 151.02445536628 151.09542919281 151.53918220118 152.41553722742 153.45783690132 157.75602764305 172.14507719413 176.1810245167 176.189894536 177.39549893392 179.01778990758 180.4079633361 182.2030158158 184.42481865721 187.03392514425 189.91901916273 192.91170150644 195.92581656163 199.09226229549 202.0579623063 203.97898352037 204.41160214191 202.965470089 199.46382434101 194.69683428599 189.14525780401 183.34778918104 178.29433431496 176.08636574114 177.11927198525 180.27126677746 183.9676635051 187.35914421812 190.63407134699 196.74527326594 207.85559946005 218.53567002451
152.34030041068 152.23082422717 152.00686014149 151.94598533294 151.9603335443 151.58927812334 151.12021198032 150.71959440457 150.4861060947 150.29974867994 150.17680334897 150.10837683955 150.30463765616 150.84084160817 151.99474566448 157.22493035477 169.57210567781 170.94656231381 168.92101617186 171.4828351748 173.46965475295 174.03463751609 175.37880812597 177.69953755026 180.41458297572 182.78673539885 185.22384420514 187.55310056518 190.01742854234 192.31369309378 193.52055255145 193.81219438169 192.69290773099 190.07923383651 186.93478324178 182.95801762639 178.9563776031 175.92153781372 174.73058480983 175.60358270699 177.97908517228 180.89287796718 183.63516290759 185.32890665965 188.93721576321 206.81406295407 220.03587864844
152.13671531667 152.10909133633 151.91097323153 151.46523188922 151.407721407 151.36319464916 151.08741071302 150.69012099872 150.35362901431 149.97441807103 149.76066875464 149.68440621891 149.86007069659 150.63523147161 152.56216828625 156.71185415569 161.88097314061 163.38420488758 162.60943283861 167.28907893352 169.0093555623 166.93320270659 168.34705142949 171.34069368265 174.10237215901 176.09870864172 177.66805237685 179.31228944009 181.05031441353 182.81317623251 183.95033504545 184.44898437823 183.73296065377 184.26970281092 179.74366011015 179.15365298554 175.21804420558 173.49219687524 173.30070267413 174.2917451308 176.68168848142 179.4221529655 182.36813490713 185.70157087882 192.94038328481 208.1687589267 221.44241118136
152.33644038598 152.24258017127 152.1457032339 152.03894352501 151.8769139606 151.62225914465 151.37341892005 150.85853285602 150.50877218655 150.0890343418 149.84697173279 149.67997756865 149.91980544959 150.65778976408 152.3302206182 154.95355125206 157.59275237082 159.07166729761 160.14814819323 162.18124032648 162.00487327236 158.45743626102 162.11108203507 166.04401228799 168.94169375599 169.93856731995 170.25085200865 171.24967289327 172.76723104485 174.41862094158 175.57884291578 176.00431733633 175.77955172096 176.59098390574 175.20319114649 173.81547279387 172.76366684989 172.48501607077 172.91843727603 174.38069128867 175.92063971013 179.80733051078 183.20044037797 188.39938829081 196.14645502002 206.87969084986 217.54718060278
152.52082025962 152.4958289791 152.49543962682 152.56291925059 152.40798674721 151.99026125102 151.6731875619 151.07917429439 150.72752575591 150.31755556806 150.06762664926 149.99538976172 150.05227319106 150.7018288587 151.75837734458 153.35885612966 154.96892318956 156.14226475202 157.0448019041 157.64445143535 157.28225543717 156.70034144817 158.62159830179 162.15204435283 165.54917197676 164.54766272215 162.55299020161 163.36064231928 165.11944035544 166.85059913605 168.2732511107 168.91878532324 170.44480863976 169.99856636849 169.42561939597 168.99600484436 169.01592006826 169.81088997976 171.34049941949 173.57770898673 176.64613581661 180.24690666052 184.71023124466 189.93299170894 197.10308209352 204.78229459789 212.06726617752
152.83921797715 152.84013845558 152.8623140706 152.90546962502 152.7657566337 152.349665388 151.98147130922 151.38539029853 151.00432249855 150.71889382326 150.43278220091 150.33410783109 150.45966950893 150.66942348634 151.31093447401 152.05453255974 153.05748439133 153.95899845149 154.53080526052 154.7177703936 154.65715329374 154.80547240862 156.04626078395 158.07961570659 159.56669296171 157.11421441662 154.14449925228 156.66987028036 159.1558146189 160.49357578274 162.98887867291 163.90339338019 164.13945634796 164.00649588584 164.01501631177 164.4555394974 165.64397506171 167.43585866695 170.10926698003 173.25651369028 176.99594209195 181.112718149 185.83039492075 191.10012906839 197.02817249701 202.81028970193 207.93848917497
153.63933766458 153.48779462427 153.25249067753 153.20105961382 153.07664100793 152.78483880328 152.48588301274 151.99467917662 151.2311288423 150.90234695379 150.61673808894 150.38146012717 150.74921231527 150.92657158023 150.99013784386 151.29084624512 151.79208115182 152.30842306983 152.61280377214 152.79842260122 152.67341724162 152.91542540733 153.43500891966 154.04127805585 153.83750304684 151.98281846751 150.42588051553 151.55434657186 153.53733433473 155.84125491377 158.07721726501 158.88114830131 158.92210274172 158.61349262177 158.93715687249 160.10652546576 162.2449260321 165.25325352801 168.85403842663 173.10653606519 177.34293721624 182.12389987885 187.08965081232 192.07808971799 197.17215597292 201.67204385608 205.33743374846
153.98268515562 153.93708301843 153.63226375434 153.49145071777 153.35232683129 153.05155073247 152.81777825184 152.23158781808 151.55768986125 151.1994729241 150.91544831844 150.52845770336 150.70129912963 150.61354883573 150.63465526077 150.01842174927 151.29292421358 149.90871417072 150.75728383297 151.20199318844 151.08796992749 151.18436920407 151.1588348856 151.01266558234 150.41911100512 149.33967173367 148.5809999631 148.89311296931 149.99743549982 151.84836354069 154.68818726282 154.99688208939 154.40424812739 153.80399972299 154.2724241324 155.91113420176 158.99231893834 162.59310944976 167.39874161041 172.52742419972 177.76121373898 183.45742642101 187.83300111402 192.65696004882 197.62261543474 201.08378965413 204.00564860804
154.39794924502 154.17014826681 154.05793076352 153.83054574756 153.67706749469 153.4335159645 153.19635677875 152.63058781262 152.2641734519 151.60365117566 151.23575499251 151.19563792069 150.87916751732 150.62263583018 150.46204900995 150.19521176022 150.27741329428 149.2897666611 149.97469814795 148.33224985909 149.79275739707 149.61505117904 149.45879164837 149.04511775616 148.28677313909 147.57431047607 147.10605266206 146.83624742965 147.9231305715 149.40718590785 150.92241607854 151.17011619586 150.20350627055 149.36276209157 149.26735754461 151.61582645052 155.76136355354 161.13791518354 167.15256672784 173.1854354803 179.15191227204 184.5901474286 189.52446835652 193.92864624955 198.03045063053 201.66509397239 204.38981396792
154.85787073775 154.92385595189 154.7709680151 154.45921450793 154.25580952214 153.94862919416 153.70342058248 153.04023801474 152.66114824243 152.01571763489 151.67522218914 151.34756156245 151.20002718271 150.6499972364 150.64292132497 150.1622029453 150.02992777114 149.69119772508 148.42728790257 147.98285152154 147.22989558347 146.62200654848 146.53305135521 146.21493489912 145.76815756603 145.29392627263 145.10470685676 145.78347994092 145.89231751613 147.15149797528 147.59127635171 147.28981174382 146.58780866775 145.35804313172 145.8156332845 148.49235039008 154.13837140164 160.37022635 167.50928472347 174.86177831447 181.29299651741 186.93745366718 191.86115180865 196.01717011358 199.61830251474 203.07513788067 205.18084106189
155.31512407904 155.48898476992 155.49430244906 155.41466048381 155.2592320322 154.57521826832 154.04072541668 153.59532331106 153.05017665076 152.44965983672 152.0374624693 151.69770202049 151.39424077681 151.03380970031 150.6041886058 150.16151673978 149.92661222952 149.3792597433 148.96016964528 147.73292452506 147.14626869698 145.95947867255 145.76000792895 144.9289524395 145.2699978275 143.95761295003 144.56783868542 144.25165825738 144.52018899993 145.04375791962 145.29432719254 144.35858663087 143.84803092073 143.84676820659 144.52006915627 147.22148564861 153.46989492512 160.91169376129 169.10065797923 177.22157959247 184.60094403044 190.11329233694 194.45254628915 198.38148553788 201.70425378137 204.52206111592 206.78029587358
155.69453767618 155.97436862595 156.13161121398 156.21110173553 155.97220490707 154.91763000001 154.13065896146 153.89786805864 153.76174519525 153.1648485234 152.4015659419 152.056732786 151.74284013332 151.44599858733 150.82397302069 150.40770304228 150.61875770175 149.68455923784 149.34635997774 148.6381916525 146.87947038793 146.45246503327 144.41211723871 144.34199777967 143.59910940426 143.51432288684 142.70802219476 142.92260596268 143.02869673239 143.85038330314 143.43911410658 142.77987336317 143.11438217694 143.62260497977 145.44383037121 148.82551554524 154.63144410335 162.15724214071 170.24737653929 180.96494675391 188.82386509762 193.91051066749 197.08599716707 200.47604581525 203.75263436711 206.50602217689 208.30230884813
156.0121720128 156.32542044681 156.50506543539 156.61311410091 156.74775616549 154.67164242859 153.7177762287 154.33755904223 154.3344846705 153.58656395963 152.91706503124 152.24921145304 152.09758514092 151.87267081061 151.58186341728 151.10530166015 150.84161561873 150.16260653259 149.63586835072 148.5206282819 146.91196793192 145.91730848066 144.95352704312 142.99278240516 141.75009188376 141.51506898206 141.80610481449 141.53267843977 141.80623385604 141.9992817775 142.99491222494 142.9617086596 143.08430499306 144.55952875836 146.6438724579 150.44784589727 156.27695714115 163.86429118925 172.52307251625 183.36381542144 191.83354059723 196.01963839406 199.28069898283 202.6442789239 206.71191448076 209.01801123479 210.50474367948
156.38303127873 156.59777850954 156.51857500568 156.44468503358 155.89880800965 154.3783848375 153.90594706624 155.43916723263 155.06220381497 153.93489374337 152.91666864311 152.44008016866 152.36218023231 152.54774513875 152.45719958735 152.00816038673 151.5399347278 150.46939129003 149.81634149371 148.84159548797 147.9776931441 146.25398763261 144.85648476734 143.92147198013 142.02156934005 140.82692270937 141.02142428762 140.67329681553 141.16689577792 141.58968903275 141.96279537635 143.23863537274 143.17331793582 145.21417960108 147.76994141138 151.67141016959 157.47154398946 164.87279371009 173.1467319213 182.17285578784 189.93314118391 195.74247895923 199.11474909606 202.74692488183 208.54928659414 212.28542846096 213.07760174587
156.67596573943 156.50502312438 156.499254342 156.24031638802 155.59077591091 154.91935345086 154.80690687131 155.3048524633 155.04424131008 154.10839401299 152.68296547533 152.33082065914 152.93884341959 153.35604076897 153.42390369262 153.03063032586 152.44536287753 151.36225323697 150.41088780868 149.72005672968 148.78424350566 147.76332501853 145.89377192106 144.68745419591 143.54174453028 141.46282105333 140.1597334952 140.22175133683 140.37796303156 141.13509143678 141.93860508894 143.33926186541 143.55863422685 145.64797680022 147.85159767936 151.82880794955 157.57208683799 164.92489268677 172.24373158316 180.31568055306 187.28438052339 193.07684298401 197.7524531301 202.99654512457 209.64493645879 214.13190474546 215.1997716545
156.67941943905 156.48968253779 156.43602211956 156.15784265906 155.66493425415 155.26076537888 155.08183431174 155.04840082504 154.79583880432 154.11305897036 153.22388988733 153.17784067274 153.99812576796 154.52858018462 154.60248037407 154.07849566947 153.16525464011 151.93585219754 150.87403864745 150.1172566221 149.43329818481 148.60175307818 147.11040140599 145.64078614262 144.15214714698 142.01721152489 140.57783733978 139.60893199016 140.80566897496 141.09091203465 142.08683120479 143.54906196072 145.14827260922 146.19268372535 149.17865355991 152.31315208697 157.78051917964 163.31655214301 170.67801606416 178.03077267232 184.58417330728 190.24522354417 195.50969652688 201.12324542766 206.73291755911 211.37457647119 212.86416623246
156.4857149162 156.30266273825 156.26173950137 156.00693057752 155.71396392918 155.35248302255 155.14094103956 154.92806527566 154.69538004422 154.29917884047 153.9579386005 154.06700600654 154.7721055848 155.38466646084 155.6848057002 155.1955176118 154.05596022107 152.49318302568 151.25956135994 150.59491478504 150.1716627278 149.78586245846 148.50343410625 146.91885746833 145.01626413001 142.80627530938 141.37689083315 141.35403676729 141.4902320355 141.47208897214 141.99471165301 142.80089919264 145.11776823522 147.36055835365 149.43922652267 152.28303108046 156.93737769278 162.13602510645 169.38439182531 175.42338037583 181.8107302285 187.36907562218 192.76980700338 197.81614448818 202.25835092623 205.65627806414 206.63014650907
156.2487260427 155.77295969181 155.8064677863 155.86540955592 155.726751692 155.44707879139 155.19474416289 155.10326765748 154.8454261974 154.72027351371 154.83966363774 155.01451116723 155.41656955789 155.61168545444 155.80339791874 155.55168601488 154.55178533611 152.93620110991 151.64028695646 151.07347711855 151.42154126602 151.5322381768 150.44393288977 148.27959597789 145.94211988876 143.9874853576 142.01434252137 142.51825507381 142.44846492486 141.96749773495 142.33919568819 142.96188584564 144.52428273429 146.6921011255 150.25029318745 152.04229189018 156.30295170117 161.06452319034 166.71275054447 173.35356687767 179.30364158367 184.51042664961 189.54918771918 193.93463424147 197.64894754783 200.62135373459 202.04714228339
156.62349276654 155.91345567686 155.9182025785 155.93353536112 155.77224203691 155.38020358774 155.4347282071 155.13662262384 155.32867205002 155.30932098606 155.47907918858 155.4956276396 155.86075578358 156.14051211932 156.22507456934 155.62194821354 154.81061626753 153.60932210381 152.59919196382 152.2546467434 153.05678839451 153.79617019058 153.19969079636 149.88104087398 146.7592837505 144.63418772189 142.96356725607 142.93885271285 143.10200638658 143.20382757344 143.05087826822 143.41597153612 145.68136397504 146.38952444838 149.51490711939 152.80687562297 156.58084558084 160.59244904966 164.77084733126 170.66664057132 177.28729586808 181.32586518125 186.43371337843 190.10650973879 193.54644636535 196.52761599564 198.62860804086
