branches/Examples/Geoscience/SurferView/data/ascii_gravity.grd
DSAA
96 100
291900.002 302940
9896300.065 9907850.06
87.291772796992 375.83583417862
[rows 0 to 20 of 100, columns 0 to 46 of 96]
196.7655133387 199.02843893925 198.91908087821 200.72969765718 203.52334311824 205.91562650756 209.00029391586 211.27294122735 211.18836799112 213.93053278733 215.46808894414 218.58916917375 221.73562247436 225.02899483933 237.93947922172 241.82632265733 243.94645417847 243.64369899722 245.89141712218 247.72762083462 248.62090644074 253.19634326592 254.89796695138 257.35630838276 259.97303825717 256.9706425112 260.57971151737 257.43558349468 258.93195281562 251.85468468907 255.13242913105 256.32557348333 258.55027004676 265.85184384994 269.00228419677 274.59028492483 277.17845559385 277.7450108804 280.0689344005 281.29312932813 281.57730530858 283.52232990817 283.21351889694 284.36674492437 284.46597893033 284.62431967714 284.77806163455
188.19196962825 189.77337270392 190.00509513975 191.74027365726 191.34869886677 193.62362519668 196.58288303145 199.5577618687 203.24323821476 206.86442395661 210.65850216708 213.90726949968 218.45262511527 221.46795379868 223.33061481071 227.69612480422 230.35761553255 230.1964412647 232.36745844458 234.17424332142 236.41922848462 240.64322998767 239.82774855708 242.17654781907 244.67265513619 246.73860221709 246.56642522004 249.84319178439 250.61080699475 253.42861582835 256.34289137447 258.54913262321 260.89555703742 269.03658365792 271.90961793335 277.26254922639 277.56273408626 280.43856049854 282.74918321456 283.19980309729 284.3060988013 285.1874864189 286.59238457405 286.4721862838 287.29858332796 287.49190897347 287.84401027925
188.10351489648 189.19140362051 190.75467120965 191.1968980777 192.85140969573 193.1048243458 196.08509848429 199.0916386033 202.78102874734 206.40861335746 207.98754840149 213.46181435741 216.48835043183 221.04187403816 223.87819788762 226.70998599009 229.80283601056 230.30174154518 232.51340592164 234.08753738335 236.40046429087 240.65310570919 242.33984173487 244.75088058163 245.01446281143 247.18980456567 250.30539913286 253.35160881175 252.14465487843 254.37227773106 257.38746722004 261.26210198898 262.18199581209 270.24372538992 273.17286760869 278.54253752048 281.39083780957 281.980935427 284.39470347407 284.97155054729 286.21615898549 287.20427636769 288.7799858034 288.87052007276 289.89290792409 290.52480504688 291.02512381907
186.90141207793 188.15923601896 189.7545306347 191.20348985081 191.96250237928 192.25456144424 195.26614937703 198.32996667597 201.98758542376 205.6409025453 207.28444682199 212.71853958652 215.80344767447 220.3601258826 223.25958520724 226.33821236165 228.44503936946 230.06272062579 232.33058327619 234.27416515268 236.63183917253 240.88348053502 242.46606296632 245.18727773044 247.18452466821 247.75992189674 250.90139532124 254.19161939892 255.88974379594 258.2374619175 260.9973557534 262.99156794701 265.57397756673 271.18581698809 276.07598908657 281.22451318828 282.7674440563 282.82082037012 285.23918788422 287.52707838324 288.86586528579 289.80737839801 290.63966117861 291.89971723971 292.53189086454 293.44860027914 293.57193999184
185.87584700099 186.77913683969 188.43359920931 191.14445728395 190.8921305696 191.39063859159 194.47136211414 197.71229562704 201.4194577666 205.22421265364 206.96644977818 212.53018128995 215.71548487693 220.37842260274 223.38766425034 226.57347653865 228.69430223286 229.72332207777 232.43197679512 234.47427057873 236.91942160368 241.21380329734 243.09139821403 245.89880186753 248.01016031987 250.84785714163 253.88581325717 254.90135337539 256.76185650813 259.15923291319 262.50544961262 266.05536309094 268.7845371279 274.04408798812 276.39604941653 281.35854532482 285.18906744193 286.04316504455 287.69781963508 288.85367065297 290.31791793449 292.1750986412 293.06401986066 294.36191603379 295.1872899665 296.36262689324 296.80563413807
186.30734429215 186.98334665536 187.64900243695 190.46010663272 190.24813009401 193.35707461824 193.88447438173 198.54759035367 200.85805291351 204.67328374248 206.46662918576 208.92094383121 215.20403744879 217.56518510149 222.88355548469 226.10207723562 228.26984436555 231.64734895442 234.43189763486 236.53890675169 239.02897356312 241.04430332846 243.01467388777 245.9080492705 248.1339425959 251.07848678504 254.44734417386 257.25974641393 259.24808049767 262.15030451697 265.10999764016 267.18816850155 270.06341937116 275.27360106837 277.70024174569 282.67027037755 286.5885147336 287.56487010126 289.32090186618 290.57553714358 292.13394153098 294.04553601482 295.062390126 296.4757219753 297.50474814575 299.1719093781 299.69793889239
184.42502940076 185.1619786718 186.79744818182 188.89983531467 189.95186723852 192.03415055083 192.74519716656 197.44864388234 199.90701060021 202.64488602471 205.70812705718 208.23330703104 211.55597590456 217.05717378114 222.45890570322 225.76780714726 228.04402165749 231.50414685088 233.87548929488 236.33890273598 238.90806831161 243.10877755805 245.34105013126 245.2211084593 248.40784111364 251.48210396804 254.98244795155 257.87285058252 259.94054775787 263.35721291814 266.2929804349 267.9343743321 270.95742441219 278.12473352017 280.43265679996 285.12562501507 287.0862459329 289.61310371843 291.43992306852 292.71044138989 294.31101249501 295.4189510772 297.1176569171 298.34036471229 298.8310276417 300.69202547995 302.19539143676
183.31327878502 185.2091868061 185.82094287855 187.98142143671 189.0359534483 191.19694179373 194.2176144796 196.70321213464 199.22857779663 202.00402829425 203.98936262203 207.71359109711 211.09614543721 216.61125832853 219.80695804714 225.39768877097 227.744626289 229.38292880767 233.77178731123 236.38190616154 238.70288446054 242.91456758616 245.24414059553 247.34334918778 250.66537612004 251.7535415732 255.37409588156 258.39233089499 260.67010763169 264.29380840682 268.952721056 270.74579146263 273.95645252614 278.29908647191 282.70196116247 287.17133409412 289.05691132001 290.68969866649 292.57814393132 294.65841484458 296.26878352676 297.26973826509 298.71767496079 299.93703507958 300.56054597414 302.50316202436 298.92516412827
183.25516243644 184.45361810701 184.96283921116 187.82775856417 188.30126780428 192.14857431922 193.52453873086 196.00306386814 198.63581988661 201.35585710783 203.39236819017 207.12815542168 210.55360513492 216.0029642996 219.23734286455 224.77556204779 227.16253048339 228.84417495917 231.40658682044 236.069424517 238.51668709979 242.44471298551 244.85468274168 247.05677147496 250.45722900503 253.65086253416 257.30896188142 260.72408848619 261.26921570574 264.97149280937 269.7934431812 271.85729847733 275.25715234764 279.59406357788 284.04460189228 288.52391206055 290.51637002841 292.23153345009 294.15183528882 296.221552933 298.34153579875 298.72930228447 300.12862305334 301.27327722276 302.11445889798 303.83374497615 305.55280389901
182.69608067025 184.64652652375 184.42570492278 187.28185657147 189.02104938991 190.3724359939 194.51286837084 196.95063799168 198.08679212193 200.7913762392 202.87143434651 206.55634082432 210.0187301505 213.05633111538 218.63524029289 222.41585735216 226.53439761368 228.2518385235 230.85244139613 235.46813767094 238.1947220965 241.84572050775 244.32396970136 246.61701655946 250.08281220092 253.38020427945 257.14976809547 260.62808913319 263.48864514672 267.15255839841 270.15377477355 273.97847489786 275.67717285057 281.8253032073 284.73714655876 289.1091016107 292.38165766386 294.14135532403 296.05716660621 297.33838332865 299.24129910003 299.96321291312 301.25244487559 301.61195953769 302.96948830701 304.5731086133 305.01597054547
181.27800792761 183.22473958233 184.85102283515 186.00048913167 187.79962317761 189.25557488906 193.36924807237 195.8776220454 197.12713648088 200.36805358537 202.01722263736 205.10422414457 209.20190094061 212.27122201142 215.59819962666 221.62358818827 224.12091637011 227.50541827597 230.16557166714 234.78001380947 237.5692664527 240.14741755199 242.97648357681 246.08777853688 249.61304800983 253.01420629611 256.90035486945 260.63569099408 263.69835425829 267.25161347831 271.87734564473 274.1772051613 278.01397970446 283.80328898081 286.77871864113 291.04572824693 293.58492479931 295.66943451895 297.551653203 298.79237283691 300.44836856408 301.56616578337 302.10608929903 302.26967264032 303.31439499772 303.48399838514 305.01998057334
180.35048459096 182.25566170133 183.89830321656 186.7471997446 186.94898463604 190.66148700778 192.52050632326 195.06032721213 197.65023725966 199.58523108356 201.78775374844 204.41603683728 207.9736930128 211.65476086055 215.03080120572 220.97935950821 223.51862308327 226.85389131045 229.54950664368 232.630936032 236.90008400933 239.70661310721 242.53103581507 246.35844228639 249.11939115265 252.61269846258 256.6093225007 260.52488071787 263.87417376954 267.75019690705 272.65335599471 275.37737555592 279.49718210643 285.27273242485 288.41849633518 292.7107071521 295.32976589627 297.41685981636 299.77248327745 300.33277158615 301.717984922 302.58196256357 302.88711674485 302.66115603992 303.32546505578 303.16842923454 304.80623110778
184.24504485416 181.57702516033 183.22625981033 186.02127883867 187.30590279255 189.99006732901 192.87181357134 194.75604855442 196.9830082662 198.94188103263 201.19300374544 203.8188630564 207.42022477736 211.06170626821 214.48525663703 220.32211169692 222.90333874004 226.17886390134 228.90793177978 231.99637734432 236.1968933372 239.01904834347 242.93634309872 245.98298723054 249.31014001145 252.87175015564 256.9293621558 260.99515116693 264.69757924445 268.9060149926 272.68852194723 277.15443331934 281.6278640835 286.28028865612 290.21670066806 294.25417814313 297.15774995001 299.0234074071 301.18053856569 301.95968292551 302.83594008744 303.40678005659 302.83805818555 302.67266630926 301.80533061421 302.29389559235 303.36329631585
183.14477549396 185.08748140284 182.33400710659 185.12032966057 186.3399242871 189.02626062334 191.9234706049 194.08956891369 196.09876092212 199.57924949931 200.38309137456 203.05555607402 206.71509814463 209.98575233859 213.87047209809 217.91233331136 222.26886173787 224.31527017904 228.25665936521 231.35134339796 234.23705491346 238.29267936361 240.72129577673 245.32010389309 248.52149718636 252.11977918413 256.25159549059 260.83276272277 264.56291275085 269.21067945258 274.65007934289 278.46333606843 283.3425613222 288.17169541606 292.29001669801 296.57525354698 299.33610783086 301.28276681093 303.12188216078 303.6100336295 304.14043119492 304.29405638412 303.27166295351 302.58450442293 301.21518661249 301.06537073249 301.41686601359
183.45756155539 185.35431179039 186.91640470874 185.47151561556 186.72039942449 189.26472103997 192.13764762969 194.23325390786 196.77284140146 199.57544839437 200.41473926992 203.61433113421 206.70017399297 209.95689278513 213.44974870539 217.78267907618 220.48431140838 223.98636986835 226.7991064511 230.88922011476 233.76824202245 237.62490167331 240.06881077114 244.42766824991 247.78471809688 251.36735060613 255.3597034103 259.8517073605 264.25358310907 269.80210751778 274.81755611515 279.86543652099 285.23214709056 290.33349168808 294.49096900599 298.81521575824 301.68645626505 303.47920343456 305.15019035844 305.20307984067 305.50535981701 304.9893229255 303.48056217842 302.19837122545 301.27624339283 299.57554293372 299.1397736732
186.37620120594 184.159076859 185.72486734797 188.29336231494 185.6243392852 189.98034307771 191.06108073224 194.19216937341 195.7742662516 198.59875626389 201.57704483051 202.72295691496 206.42886901292 209.20022137723 212.76963012232 217.1658416565 219.94025715464 223.38499567306 226.25767369541 230.28579075009 233.19312144479 236.94955641875 239.43108675945 242.55464443774 246.38368053596 250.32044384723 254.58302512758 259.39640429609 264.25373651678 269.8898034984 275.72394945315 281.52606853936 287.48294794212 292.90075665526 297.3309436599 301.70832225771 304.57433436203 306.24141650863 307.59053866345 307.21953676563 306.80142053534 305.888420392 303.78040880175 302.09143630453 300.2664484277 298.68903097052 296.86524920725
186.1217821434 187.8648495121 185.72867280398 188.24667040866 189.54400589608 190.07821036113 192.83040787617 194.24509648069 195.79926321502 199.80013136534 201.56560324837 202.73165904672 206.47997969438 209.20935322635 212.83028553674 217.09073511836 219.92661879835 223.12792668032 227.06124560769 229.95119358697 232.88692979608 235.10798628017 238.98684739567 242.02812646466 245.59970603758 249.29488346573 253.21823710331 257.76006048088 263.28085720135 269.83717693907 276.72436666958 283.43123296765 289.86490683555 295.89927089679 300.62836929443 304.99514638372 307.73899552466 309.24112830989 310.15487611577 309.47672060259 308.43010897979 306.60212385414 303.8404626166 301.61858176475 299.05106926139 296.92323283556 294.82221857484
185.1330752295 186.83084557054 188.28039196396 187.48303388665 188.80719612979 189.51276409445 192.25010639719 193.72290857872 197.08458892902 199.32127901953 201.14167777645 204.25531273907 206.18637292118 208.95114588478 212.64353704667 215.76481930273 219.76372217135 221.22369751767 225.32546253051 228.33174223989 232.57468015145 234.9393164329 238.65526002917 242.18387709692 245.2479804856 248.39340096075 251.78509069233 256.31826631658 262.32380905222 269.64271302871 277.76477669496 285.77257101488 293.15985735428 299.51007081032 304.48397625878 308.79929033008 311.46721792651 312.67068592043 313.07305566102 311.78378328153 309.96725200713 307.49213101027 303.96253096075 300.88406113624 297.00462776101 295.08633711931 292.12629074803
186.18325611669 187.86186577475 186.68784105753 189.05026511472 187.35510241026 191.77006724061 190.89268179403 194.46634065461 195.83835897995 198.12107100858 201.15517100991 203.178385809 205.1740745435 207.37080288193 211.83071407631 215.11364488331 218.20789290185 220.80236123296 225.05886863519 228.08759327619 231.3275180349 234.87876424194 238.25091139748 242.19486675938 245.19062233322 248.04955848973 250.83051349445 254.63086162536 261.14241435142 270.0030695979 279.85742640344 289.35020839286 297.3205821107 303.94046283904 309.03773966469 313.2781752954 315.7445184711 316.70949107447 316.55105310462 314.49320655812 311.77268785867 308.28560390744 303.84641463651 299.92068452787 296.20716293924 293.0331300413 289.86878608395
184.04911225478 185.69040373155 186.34725206547 188.59579795866 190.40702402287 190.08617711202 190.66521455935 193.98862311977 194.92961208261 197.77818686633 200.42730969722 202.96851964006 205.09294949057 207.41190065682 210.48008826865 214.99989907174 218.19709476466 220.81596327455 225.14825741193 228.14284552277 232.11240059133 235.84290405104 238.18373416595 242.68817282295 245.63836735698 248.62489102321 251.48071053957 254.68988519094 260.90174528562 271.16304522274 283.41402033749 293.99192074097 302.54145692846 309.06256685147 314.08726867252 318.13225814387 320.51447012975 321.15630694544 320.39172219425 317.68533181231 313.5865090449 308.76928128284 303.26036053668 298.22791454606 293.3888430626 290.34371291365 287.07276257661
181.05794405105 182.68961659329 184.06255489166 187.05710145893 189.35718674306 189.17313792262 191.62889458631 192.5660162994 194.13259741006 196.61060681166 199.84046255286 202.47807552923 204.80016940555 207.1855685427 210.84220300242 213.10583550444 217.79288610911 219.75789811628 224.36804190392 227.45489671278 231.79548669941 235.76508237484 239.77231270845 243.41124079675 247.14309914601 250.89385354907 254.75527791706 259.35206131744 265.42642347903 276.41767191616 289.49244423064 300.23380913153 308.55496561612 314.69760584425 319.39224706518 323.21845340338 325.36973681324 325.87791504414 324.47669488308 320.81068022337 315.36766600675 308.65721980829 301.81881215861 295.48254604783 290.53112031013 286.2202895196 283.84662476305
