branches/Examples/Geoscience/SurferView/data/ascii_gravity.grd
DSAA
96 100
291900.002 302940
9896300.065 9907850.06
87.291772796992 375.83583417862
[rows 42 to 62 of 100, columns 47 to 93 of 96]
226.43354569159 231.24587841648 235.56826366459 238.45467964632 240.98285565826 243.67000373798 246.55729352702 249.69777054467 253.32391987568 257.48506479544 261.19541802392 264.47185092324 266.38551757327 266.91741929726 266.87753784346 266.26578223228 264.41442815759 261.23282587994 261.49706727678 261.46793868838 260.5549203869 259.05689941853 257.05161741501 254.34003916512 250.97843976547 246.948883646 242.20959235166 237.49788963036 232.50785576167 227.24385058787 222.45979779613 218.90698621308 216.35268514514 215.10979340247 215.50203005578 217.67989528209 221.82819133406 228.52057335169 237.02223523668 246.93579632613 257.13456497678 266.85301017301 274.97708884549 281.2478883549 285.51700137013 288.03722532314 289.20713133165
226.57133934223 231.30298852771 231.92207660661 233.89821652853 236.04828420173 238.62484971215 241.93032959899 245.6821215596 249.88755305303 254.50453867984 258.40962195557 262.21636073831 264.47586390401 265.58144369874 265.5200825962 264.8789530784 263.34983366233 261.42218580491 260.96803570801 260.77805786402 259.57140528284 258.30843108602 256.5944475061 253.79618761506 250.2405047186 245.78950748411 241.20689177225 235.9975485438 230.29239258203 224.6461913866 219.51532791985 215.6736502246 213.27266841696 212.33060960336 213.016193607 215.68314884391 220.01768891689 226.42491607704 234.37050321636 243.18159309265 252.61373916467 261.37205687672 269.71863736353 276.84797314663 281.7231954651 285.4065613179 287.70704402554
225.72787743184 229.34625917494 228.87730619523 229.49256556587 231.01982550736 233.42076538393 237.08468321288 241.64390457226 246.5696875877 251.60313787925 256.51719184456 260.34371164113 263.57873705666 265.19690668962 265.4904491782 265.03369685429 264.01395399814 262.71166845594 261.95635084655 260.73655805269 259.38089219284 258.06048642256 256.5057651278 254.3774999687 250.23786379863 245.08616486812 240.55261820717 235.44670654242 228.81790231547 221.97423963276 216.26208832553 212.29752569979 209.95460485886 209.28141171842 210.14599716869 212.80256827232 217.19458218981 223.46511110973 230.96661007374 239.70936887266 248.60505004817 257.04492595617 265.98021764897 273.22270461243 278.84590994371 283.35488309554 285.5240527352
227.24256902167 228.60348149824 226.09242367251 224.70328793491 225.02011115097 227.56295040747 231.95862942414 237.45132994858 243.57919873228 249.55179046094 255.01873800769 259.6848152774 262.92814019639 264.87023158181 266.30507349735 265.94083240011 265.6305265274 264.07573380561 262.97776315179 261.5322713629 260.10948475491 258.54007220067 256.60757990957 254.36485735459 249.9103272613 243.6300455893 240.76969536461 236.27445226026 227.08253289253 218.50668253654 212.45950192596 208.68357802077 206.50479531123 206.00109854902 206.83121120612 209.32634194321 213.68096409118 219.92304849311 227.35280989162 235.97863275825 245.12147386594 253.89863071442 263.00437003913 270.58756786419 276.85167700705 281.78987827761 284.7927868647
230.74158340515 227.34410354208 221.77629036731 218.35357960915 218.00711695558 221.12701108736 226.86748304554 233.83264060557 241.23232735527 248.47903824067 255.06812488275 260.23670519846 264.18362784725 266.48724236437 267.56276800598 267.84589901754 267.38594151122 266.3071201215 265.01087350777 263.00865634564 261.23842287803 258.94675266197 256.62443212259 253.54644798678 249.04191966506 244.04579608253 241.05121064749 237.61494928923 223.85933015195 214.00582823768 208.74474956064 205.08365290043 203.28204856503 202.70445447679 203.34788169619 205.58173380278 209.4217664384 215.56330927494 222.99796561074 232.06820668498 241.4327346942 251.20019213988 260.56457453573 268.83414403595 275.12189595466 280.32831049334 284.15237219859
224.32121652785 221.66598231348 215.83266303514 210.91922404368 210.08860951057 214.35608888678 222.18178402648 231.0793579588 239.71499142431 248.20446634334 255.92616283226 262.14231851736 266.37638626122 268.84840095932 270.0165908935 270.22038316744 269.67884770968 268.72546187225 267.10078975208 265.39164687419 262.91136325327 260.3174385192 257.03490422697 253.39906464575 249.07105315509 244.10010155915 239.21114011891 231.84080723709 220.39305455139 211.21231821208 205.7090586568 202.57871269753 200.56463196885 199.98899814947 200.04633722488 201.52681473516 205.05899125105 211.14389753509 218.91550645059 228.41252062994 238.82186162109 249.65915109611 259.639251539 268.39323884863 275.31891292164 280.59281340727 284.41403848591
216.00089435884 215.04650142236 210.86150615434 205.8623942089 204.88734778483 208.10875503319 219.85463097683 229.71504946487 238.87364084887 249.08696669152 258.38055073912 265.59132281848 269.97170757452 272.28973032036 273.20281062874 272.94275960539 272.38628194426 271.30548650331 269.7827965382 267.70312240445 264.76199066774 261.69995413529 257.75273240614 253.69764665702 248.86410277251 243.9633066105 237.70259184072 229.89816683427 220.86749646931 212.58507632071 206.47619595482 202.13040742681 199.67401308312 198.83996657344 197.5511022487 197.61085457708 200.64387836781 206.75942223109 214.82277178475 225.10397945313 236.94999343907 249.3656995945 260.49991904685 269.8966368349 276.3009625706 281.59706706297 285.06155694299
210.68895496582 210.59601897277 208.60580655706 206.43342983556 206.40746187735 211.14744333146 221.38663037309 229.84224076296 237.92596496824 251.37808593728 262.77427424689 270.06284526218 274.20723878446 276.01422800554 276.33788944721 276.13131128169 275.39340696828 274.15297338692 272.61110419012 270.55070203539 267.72521172204 263.84351783655 259.81387107294 254.80828348258 249.72509098429 244.03541480869 237.68641771789 230.11791207589 222.31267621977 214.78053401456 208.67212141418 203.84967522162 200.56841500246 198.32088853156 195.52428607599 193.34304570533 197.24103246554 202.95889876095 210.80684576907 221.89200069511 235.7563580416 250.60038302357 263.30419662045 272.9699878604 279.19517078891 283.46939516603 286.24200609258
207.771188937 208.58264491959 208.30004542762 208.2733309138 210.12647176832 215.02830574128 222.77633764857 231.29719701226 240.62168184294 255.96035681813 267.94217146704 275.15674558811 278.72808824088 279.45811786977 279.10672710932 278.54257957562 278.00464464982 277.40857526644 275.72850605793 273.50684121591 270.43739405403 266.61717579316 261.78054298121 256.8628106079 251.21110006948 245.17937596726 238.62184117022 231.74217443596 224.35769775299 217.66306721994 211.58165103548 206.75537984765 202.46284302387 199.22276700728 196.23633136567 194.92134713921 196.80800396665 201.1654851446 207.25813984899 218.88090447797 235.59987733575 254.33934182709 268.80697955351 277.92504831442 282.80727987708 285.48731512472 287.10184593929
206.51014308087 207.99200686013 209.06917908664 210.49269360385 213.31776204422 218.32974869278 225.37108845395 233.90866381947 244.38546750632 257.11765386769 268.7870123805 277.87803182016 281.34851573178 281.96174339126 280.86034134591 280.33551251846 280.43119941227 280.35194500215 279.2799540312 277.03726162813 273.68316741039 269.66947254578 264.67682300828 259.32815145624 253.32599840802 247.31648354791 240.55180242233 233.88050384278 227.2995486422 220.99993265483 214.99945471627 209.80853242709 205.41401462171 202.0011159512 199.40421511875 198.39178601579 199.64424420593 202.98063563639 208.32860817509 218.4694449047 236.2563427744 262.16557316324 277.46248560463 284.20439841418 286.73892861821 287.29634951618 287.61141921727
206.35126195896 208.32529520815 210.06475115072 212.43382152885 215.75021088274 220.85765304565 227.61832397971 236.00627358195 245.86231887965 256.63460708814 266.56197390149 274.79107092045 279.73134885485 281.83881995338 281.32616743614 281.50098794622 282.79601588901 283.59031031834 283.00368077145 280.59090921755 277.0226564515 272.71228404834 267.69309993316 261.98813498543 255.93290749427 249.74548910652 243.50923568241 237.22947359822 230.71597791096 224.66798820807 218.84243447093 213.7504447893 208.96815212516 205.69609793858 203.29517670486 202.4829530729 203.93121549442 207.68007052688 214.42203012751 225.22023848834 243.80690487887 270.3108452045 283.9779209764 289.77475702648 289.60989153259 288.12864756068 287.08443784608
207.47204918053 208.69272292809 210.95830267648 213.82395487749 217.24780586274 222.5562720833 229.01262442929 236.91985919659 245.73002702429 255.48736676879 264.28693868184 271.71333565948 276.92969546175 280.22478041551 282.05076175011 283.36659353225 285.12657264777 287.14943265147 286.97601339792 283.99859568123 280.27857967148 275.78599308742 270.55862530617 264.83889032726 258.57865870306 252.55656093718 246.5029500441 240.83610834611 234.85085746049 229.00093933311 223.07131861644 217.96433468431 213.11179765468 209.57671860095 207.48239570095 206.84374613472 208.57732689333 212.82666702769 220.28208242649 231.91501267279 248.1418617743 266.50414249046 280.3770079402 287.8090212476 288.41651976814 286.3726625755 283.88031527407
208.47315314784 209.69840188902 211.87711282801 214.29846210093 217.68539469499 222.51409280046 228.65624425533 236.1792817117 244.72303679712 253.4155711791 261.50282071178 268.82763953477 274.79505441806 279.19271629966 282.37184806034 284.66092327503 286.94962872642 288.97285117415 288.89781447545 286.68309223494 283.15970800014 278.86822043201 273.66485065538 267.59271542366 261.08486725468 255.07751607927 249.60059171529 244.49506126902 239.09586113112 233.83925033198 228.0330047364 222.52316823209 217.64620438438 213.81726976381 211.35303106108 210.78007152997 212.81338717053 217.14212733223 224.62808725127 235.14250922707 248.47314196272 262.42233965705 274.03999043817 281.12498899721 283.7956888459 282.96137710718 280.64749248813
209.72367931554 210.90595838427 212.37484766576 214.5763502527 217.51805960437 222.13999601417 228.05227730589 234.97372232521 242.96576898514 251.21926915009 259.43080046479 266.80299582842 273.2451534375 278.69607811441 282.43918083676 285.79175034575 288.26556780099 289.71820303095 289.71163016291 288.11427559914 285.34586070692 281.39795975654 276.64445074425 270.58723738883 263.152797594 257.5949401066 252.89623177684 248.30799670955 243.60833145378 238.63823659772 233.41504764218 227.64755026517 222.13314383741 217.63626088965 214.83211885051 213.97350677991 215.56301311309 219.7973955939 226.52956756217 236.05385462538 247.20125931894 258.52683253176 268.55583139125 275.57104800121 279.62803318003 281.22108948642 282.35736254348
210.84187003912 211.13443834725 212.00491834925 214.05643223809 217.06303597922 221.47627720333 226.47048494974 233.18975719977 240.9011585074 249.12231250885 257.65969707592 265.74722139114 272.64021734094 278.52893439074 283.20132768544 286.99745313417 289.6693528944 291.01149856028 291.09599806001 289.70799435121 287.00241342637 283.37904949114 278.72243571988 272.53567052337 264.67180317142 260.67099534421 256.64467975509 252.56830237208 248.36555977591 243.76211705966 238.30511206386 232.46000128087 226.24776164544 221.07600136854 217.57997410058 216.38498412154 217.45418884651 220.95347748007 226.98328614798 235.25069323177 245.14783250364 255.29254733323 264.49257078211 271.72303327642 276.87004377075 280.37080262173 283.15832847105
211.65774262619 210.65340599632 211.06470016769 212.74768696592 215.58771326355 219.48275526182 224.3003113604 230.94520996866 238.60000048331 247.20511582033 256.18352623348 264.90521154796 272.57980454244 279.29964918293 284.78601114077 288.68507793388 291.43597659011 292.97273038042 292.93075831581 291.53069737136 288.99086264608 285.51017511396 280.9856155115 275.47547690053 269.76435469641 265.14418782724 261.09863202385 257.16088865015 253.51297752342 249.35088087343 243.83908498466 237.34635313729 230.11669630802 223.78134359048 219.32669307809 217.45751972237 217.97612396254 220.92380836807 226.2919029947 233.64879108876 242.80662481402 252.42185779118 261.66322939669 269.39067163401 275.50491476134 280.14065413963 283.65226426414
211.65050650882 209.16489359198 209.45266010425 210.86411869395 213.64242668566 217.18509211674 221.74493011126 228.03116105972 236.06939521401 245.30060918679 255.28293296299 264.96592003904 273.75041075663 281.11603955204 287.0316914324 291.56880373249 293.85488316102 295.40134556118 295.2934496473 293.85253456822 291.39434425682 288.03011651849 283.78275705624 279.08594494671 274.28488944261 269.8823325208 265.84513483168 262.08349381688 258.52488232485 254.66660337872 249.41734357554 242.16495327958 233.39339208258 225.56228416882 220.06686939009 217.57191616594 217.65310359912 220.12932243589 224.71443368521 231.37485640582 240.26421422708 250.15985632887 259.84360667344 268.26984966563 275.16471719995 280.42670794762 284.4728596545
208.36413660153 205.49617080835 206.59804681212 209.27315529492 212.29497727712 214.83867936148 218.45109523029 224.67267364646 233.10820533132 243.6195747734 254.67451181115 265.72307928194 275.69271840607 284.0941406639 290.5190066933 295.21219026987 297.69800148555 298.20180439717 298.12723984122 296.56793103369 294.12274726961 290.7767014826 286.98721389251 282.88247959834 278.72284115092 274.59388657834 270.56719432407 266.65267151929 262.53208811347 258.11834571656 252.85175367061 245.28537929043 236.00277989097 226.4934682204 219.9142388247 217.19691320349 217.01983437073 218.97706597393 222.79518333947 229.09704226204 238.34854302885 249.20763450757 259.98822331661 269.37770257436 276.39197263618 282.17918292779 285.96051514517
205.15505452382 203.96691730217 204.70348495146 208.37863320438 211.65282631652 211.92198270453 214.70885225127 220.90287397946 229.99046241407 241.90336882891 254.95711482944 267.5571892682 279.03444099791 288.27179277346 295.36139226924 300.08086753704 302.10187159418 302.23071506258 301.49486100465 299.35717466442 296.79843447192 293.62549057953 290.27030453736 286.79878810134 283.0616763342 279.23360479601 275.21204270889 270.9895097121 266.386091707 261.11336774851 254.86968043057 247.17668912889 238.15110085246 228.43560442193 221.18042373052 217.43422481002 217.1085866308 218.49675020366 220.67046111368 226.25409419749 236.57582766383 249.6195814923 262.27503108187 272.3459984398 279.39239184087 284.54404428271 288.30603130561
202.34056695675 203.00957682841 204.482027561 207.59914249106 209.63664396763 208.8673121946 211.33453682801 217.40031434737 226.91312073478 240.5777794167 256.85612456528 271.27909228929 283.50828795594 293.948331885 301.52369596726 305.86457875764 307.30679018656 306.54922168537 304.5721504919 302.16178743303 299.44728461321 296.57995640817 293.60183882088 290.68798004867 287.46209533907 283.95892258768 279.86096192338 275.42193156489 270.37351147943 264.5993718724 257.82835784243 250.11484792907 241.66988050245 233.20697008468 226.16657306732 221.28314522609 219.92109694936 220.24429362271 218.60796587558 222.79055900485 235.05341765025 252.17066041799 267.74797289491 277.85362650781 283.80003977679 287.78646747564 290.68382691301
200.11125297167 201.7054250071 204.08644878652 206.73094861415 208.56840721135 209.87051113555 212.85850127297 218.08272538531 226.1826730913 241.35528501917 261.95343900238 276.61556761097 288.7925812194 300.91928627211 309.50772114017 313.41334411546 312.96278029168 310.89382890166 307.71370926699 304.7795404342 301.82643168919 299.13462599007 296.79714795797 294.45629353549 291.91585827511 288.78121210341 284.97950332367 280.36190221339 274.83378887649 268.65670287255 261.73011581825 254.15873752118 246.33484839492 238.7887442955 232.42663124834 227.73944098457 225.02895657436 222.99832754779 220.31266478606 223.02268540444 234.12377929446 259.11222472444 278.41503756808 285.72634892797 289.03349918849 291.33991370808 293.16556195027
